6221
650 2368 1125 
650 1581 2368 
1581 2810 1744 
2368 1744 1581 
1581 2474 650 
650 1125 2393 
1590 2393 650 
1581 1887 2810 
1581 1887 2474 
2474 650 3008 
1590 650 3008 
310 1744 2810 
806 1125 2368 
310 2810 1875 
1887 1543 2810 
1744 2247 2368 
806 1125 2654 
1590 2393 1071 
2247 806 2368 
1875 1543 2810 
1590 1681 1071 
1125 2393 3098 
1125 2654 3098 
1724 2393 3098 
1071 2393 1724 
1400 2474 1887 
1744 310 1466 
1400 3008 2474 
1466 2247 1744 
1590 3008 1664 
310 2434 1875 
1681 1071 2545 
1543 1887 2377 
1543 1946 1875 
1664 1681 1590 
168 1875 2434 
1946 1875 168 
2377 1400 1887 
2377 434 1400 
1071 1800 1724 
2232 1400 3008 
806 1612 2247 
2232 1664 3008 
1071 1800 2545 
747 1466 310 
806 2654 1612 
747 2434 310 
2232 1400 1828 
1889 2654 3098 
1664 949 1681 
2265 1724 3098 
1466 2247 2385 
1889 2654 1612 
434 1828 1400 
1612 2247 2385 
1543 1946 2377 
1800 2265 1724 
1541 2434 168 
1946 2484 2377 
747 1466 2385 
1800 2265 2918 
1681 2545 949 
168 1946 2052 
747 1541 2434 
2545 1711 1800 
1054 2545 949 
2265 1889 3098 
1664 949 979 
1946 2052 2194 
1054 2545 1711 
1664 2232 979 
434 2484 2377 
2516 2265 1889 
1889 3043 1612 
1946 2484 1591 
1541 2052 168 
434 1939 2484 
1612 2313 2385 
1828 2006 2232 
1607 3043 1612 
1591 1946 2194 
1147 747 1541 
1800 2918 1711 
2188 949 1054 
2001 747 2385 
1607 1612 2313 
2232 2006 979 
2315 434 1828 
3043 1889 2516 
747 1147 2001 
2006 1828 2315 
1276 2918 2265 
1939 2315 434 
2516 1276 2265 
2385 2001 2313 
1541 2278 2052 
1541 1967 2278 
979 2006 2176 
1819 2484 1591 
2960 1147 1541 
1967 2960 1541 
2188 2850 949 
2850 949 979 
363 3043 2516 
1819 2484 1939 
2339 1054 1711 
522 2001 2313 
2743 1939 2315 
1607 2876 2313 
545 2743 1939 
2052 2278 2194 
2918 1712 1711 
1819 1981 1591 
2918 1276 1712 
2339 1054 2188 
1591 2194 3085 
1687 2006 2315 
3059 1147 2001 
2369 1607 3043 
2313 522 2876 
658 2278 2194 
363 2369 3043 
1607 2876 2369 
1147 2960 3059 
1687 2006 2176 
1711 1712 2339 
979 2176 2850 
658 2194 3085 
236 2188 2339 
1819 545 1939 
522 2001 2067 
1276 2775 2516 
1591 1981 3085 
2516 363 2775 
2176 45 2850 
236 2188 2850 
2001 2067 3059 
2743 2315 1687 
1276 1712 2927 
1819 2811 545 
1687 1933 2176 
1610 1967 2960 
1473 3085 1981 
1819 1981 2026 
1819 2026 2811 
1276 2775 2927 
522 1106 2876 
1864 363 2369 
2278 119 1967 
1106 2876 2369 
1610 2960 3059 
2176 45 1933 
2278 119 658 
2146 2850 45 
363 2775 1864 
2775 2927 971 
545 2380 2743 
236 2146 2850 
522 2148 1106 
522 1289 2067 
2811 545 2380 
2142 2743 1687 
2369 3018 1864 
1712 2878 2339 
2878 2339 2154 
1610 1967 119 
1981 2026 1473 
522 2148 1289 
2380 2743 2142 
658 3085 1208 
2228 236 2339 
1208 1473 3085 
819 1610 3059 
236 2146 2228 
2228 2154 2339 
1106 2369 3018 
819 2067 3059 
119 1208 658 
2878 1712 2927 
1687 1933 2142 
819 1289 2067 
612 1864 2775 
119 1940 1208 
612 971 2775 
1674 1610 119 
1322 2878 2927 
2026 2811 1069 
45 992 1933 
1106 1586 3018 
819 1610 2807 
1106 1586 2148 
1674 1610 2807 
992 1933 2142 
2026 1473 2177 
1473 1208 1973 
3018 1355 1586 
2811 1069 2380 
971 1322 2927 
45 2146 992 
2148 1741 1586 
1069 2380 3105 
2026 1069 2177 
992 2142 1576 
1473 2177 1973 
1703 2146 992 
3018 1864 2166 
119 1674 1940 
819 1289 2129 
971 1322 1010 
2146 1454 2228 
1703 2146 1454 
1864 612 2166 
2228 2154 2083 
612 971 1010 
3018 1355 2166 
2380 2142 3105 
444 1069 2177 
1208 1787 1940 
2154 2878 1153 
1208 1973 1787 
2142 259 3105 
1289 1494 2148 
37 1674 1940 
1322 2878 1153 
1494 1741 2148 
819 2807 2129 
2142 259 1576 
2154 1153 2083 
1322 2321 1153 
666 2083 2228 
2129 1289 1494 
2807 1849 2129 
666 1454 2228 
1355 2689 1586 
2570 992 1576 
37 1940 1787 
1846 612 2166 
1010 1846 612 
1787 1973 2980 
2570 992 1319 
2229 259 3105 
1703 1319 992 
1494 1741 2335 
1200 2570 1576 
1586 2335 1741 
1173 2807 1674 
1586 2689 2335 
1576 259 1200 
1069 3105 444 
719 1010 1322 
1008 2689 2335 
3105 2229 444 
444 2177 2204 
1173 1849 2807 
444 3027 2229 
2286 1494 2129 
2321 1322 719 
1355 2166 2689 
2177 2980 1973 
666 1454 2064 
259 2099 1200 
2229 259 2099 
264 37 1674 
1173 264 1674 
2177 2980 1579 
2177 2204 1579 
1319 2561 1703 
1083 2166 2689 
2099 1200 2125 
199 1454 1703 
2229 777 2099 
199 2561 1703 
1110 1494 2335 
1200 2570 822 
1200 822 2125 
822 2570 1319 
822 3062 1319 
2418 2083 666 
199 1454 2064 
1153 1408 2321 
822 746 3062 
1010 1846 2967 
2004 822 2125 
719 1010 2967 
1780 1787 2980 
963 2125 2004 
830 1849 2129 
2125 2099 2740 
822 746 2004 
963 2125 2740 
508 963 2740 
1408 2321 719 
444 2204 1085 
1319 2561 3062 
746 1699 2004 
830 2129 2286 
2229 3027 1921 
777 2229 1921 
37 1780 1787 
1699 2004 2899 
3027 1085 444 
2004 2899 963 
1153 2083 799 
674 2899 963 
777 2740 2099 
963 674 1293 
2083 2418 799 
1846 2166 1083 
666 2064 2945 
37 805 1780 
217 2561 3062 
508 945 2740 
1293 508 963 
1293 2471 508 
2945 2418 666 
746 3062 515 
1699 1327 2899 
746 1699 515 
674 2899 1327 
2286 1494 1110 
777 2322 2740 
508 1588 2471 
1153 799 1408 
1846 2214 1083 
1293 674 728 
3062 217 515 
37 805 264 
1173 1556 264 
777 2322 1921 
2689 1858 1008 
508 1588 945 
2209 674 1327 
3076 728 1293 
945 2740 2322 
1293 2471 3076 
830 1173 1849 
217 1752 2561 
2209 674 728 
1752 2561 199 
2335 1008 1110 
2552 799 1408 
285 515 1699 
285 1327 1699 
1846 2214 2967 
1501 2471 3076 
1816 2209 728 
1083 1858 2689 
850 3076 728 
1588 1501 2471 
1327 2619 2209 
1008 2750 1110 
945 430 1588 
285 1327 2622 
920 1110 2286 
830 1173 1330 
528 1579 2980 
528 2980 1780 
1408 919 719 
1327 2619 2622 
728 2839 850 
2214 2517 1083 
2184 285 515 
2184 515 217 
1501 1614 3076 
1816 2209 2242 
728 2839 1816 
2619 2209 2242 
2951 1921 3027 
2951 1085 3027 
1579 1759 2204 
1501 1588 430 
1501 1959 430 
850 1614 3076 
700 945 2322 
1921 2322 2562 
1501 1959 2383 
414 2619 2622 
430 700 945 
2242 1128 1816 
2184 285 523 
2204 1085 1759 
1008 2750 1858 
1501 1614 2383 
970 2839 850 
1128 2839 1816 
1173 1330 1556 
1980 199 2064 
523 2622 285 
2322 2562 700 
1980 199 1752 
2242 414 2619 
1779 2286 830 
1614 850 970 
805 1780 2854 
2242 414 1821 
719 2967 2005 
2200 2286 920 
217 1752 2184 
523 2330 2622 
635 970 2839 
1614 277 2383 
2064 1429 2945 
430 700 2427 
1921 2562 2951 
635 1128 2839 
414 2622 2330 
1752 2184 2920 
1980 2064 1429 
919 719 2005 
2427 430 1959 
536 970 1614 
108 2750 1110 
2200 1779 2286 
1408 2552 919 
528 2854 1780 
756 1959 2383 
1614 277 536 
1821 1128 2242 
277 756 2383 
108 1110 920 
414 240 2330 
1083 1101 1858 
1821 703 1128 
2427 1959 1024 
523 2184 2920 
287 1085 1759 
1048 2945 2418 
1083 1101 2517 
523 2330 1663 
1752 1221 2920 
240 414 1821 
1048 799 2418 
2951 287 1085 
970 536 2222 
240 14 1821 
1101 3072 1858 
1663 2920 523 
1086 1128 635 
756 1959 1024 
756 1886 1024 
970 187 635 
673 700 2427 
1316 277 756 
970 187 2222 
703 1086 1128 
1827 536 277 
673 2562 700 
764 1579 528 
1759 764 1579 
1858 2750 1949 
14 703 1821 
1429 1048 2945 
1752 1221 1980 
830 1330 1779 
264 1556 978 
176 240 2330 
1316 1886 756 
264 805 978 
2562 1524 2951 
14 703 2887 
2214 2005 2967 
1316 1827 277 
14 240 2814 
1358 2214 2005 
176 240 2814 
1330 978 1556 
1086 635 1485 
176 1663 2330 
920 2207 108 
1065 1024 2427 
14 1569 2814 
703 898 1086 
2513 2552 919 
1485 187 635 
528 270 2854 
1531 1316 1886 
109 1024 1886 
2043 799 2552 
1663 2920 443 
1358 2214 2517 
1524 673 2562 
1065 673 2427 
1858 3072 1949 
443 1221 2920 
919 2295 2005 
805 1164 978 
287 2951 1524 
473 805 2854 
1316 1827 441 
109 1024 1065 
1065 673 101 
1429 1980 2260 
220 2222 536 
220 1827 536 
14 2887 1018 
14 1018 1569 
270 764 528 
898 2887 703 
2750 108 1949 
1048 799 2043 
1316 1531 1275 
176 1542 1663 
1663 443 738 
1275 1316 441 
920 2200 2207 
1485 1086 2913 
1663 738 1542 
187 2222 2986 
2513 919 2295 
2913 898 1086 
1221 2260 1980 
2043 2552 2513 
1569 395 2814 
176 2061 2814 
1886 52 109 
2222 2986 1758 
1531 1886 52 
234 1330 978 
2442 3072 1949 
220 2222 1758 
395 2814 2061 
2362 2517 1358 
1524 673 1976 
1275 2139 1531 
473 805 1164 
234 1330 1779 
898 2754 2887 
1101 2362 2517 
1759 287 1627 
220 441 1827 
764 1627 1759 
2986 187 1485 
418 52 1531 
274 2986 1485 
673 101 1976 
2754 2887 1018 
2058 1018 1569 
176 998 1542 
176 998 2061 
2098 287 1524 
2854 270 473 
2374 2200 2207 
418 1531 2139 
109 1633 1065 
1358 1648 2005 
1048 1386 1429 
1633 101 1065 
345 234 1779 
1615 1221 2260 
1048 2043 2690 
441 2186 1275 
2058 1569 395 
1018 1478 2058 
1779 345 2200 
1018 1478 2754 
831 898 2754 
2913 831 898 
1429 2667 2260 
220 441 880 
1386 1429 2667 
3072 393 1101 
2098 287 1627 
1949 108 2150 
1648 2295 2005 
1221 2827 443 
3091 270 473 
109 1633 52 
274 2986 437 
108 2150 2207 
1615 1221 2827 
418 52 1394 
345 2200 2374 
81 220 1758 
738 443 2827 
2786 2058 395 
3072 393 2442 
1524 1976 2098 
395 211 2061 
1101 2362 2991 
101 1230 1976 
978 234 2557 
2340 1648 2295 
1485 2913 1691 
1987 2061 998 
2197 738 1542 
1485 274 1691 
2913 831 1691 
211 395 2786 
1275 2139 2186 
2557 978 1164 
1101 2991 393 
1542 998 2197 
81 880 220 
211 1987 2061 
1991 418 2139 
270 764 1793 
1262 1633 52 
441 880 2186 
345 234 2444 
418 1126 1394 
437 1758 2986 
1262 52 1394 
882 2139 2186 
1126 1991 418 
437 1758 1720 
1720 81 1758 
1314 2295 2513 
2139 882 1991 
348 2043 2513 
1386 1048 2690 
738 1831 2827 
2362 1358 2151 
2786 2058 2525 
1627 405 764 
1793 3091 270 
882 1055 2186 
405 764 1793 
473 1164 2038 
101 1774 1633 
1366 1478 2754 
998 2197 2398 
738 1831 2197 
101 1774 1230 
1314 2295 2340 
2207 704 2374 
1358 1648 2151 
880 1161 2186 
2207 704 2150 
1978 1949 2150 
2667 2260 1615 
3091 2038 473 
1366 831 2754 
1949 2442 2316 
2690 348 2043 
1691 1805 274 
779 1478 2058 
1394 324 1126 
1978 1949 2316 
1976 2098 195 
1164 726 2038 
772 831 1691 
998 2398 1987 
345 1365 2374 
1366 779 1478 
1394 324 1262 
348 2513 1314 
437 274 1805 
779 2525 2058 
324 1262 2381 
1432 211 1987 
1191 211 2786 
1633 2453 1262 
1126 1991 1599 
1161 1055 2186 
393 2065 2442 
1633 1774 2453 
81 880 2544 
2786 1191 2525 
1386 158 2690 
2362 2576 2991 
2362 2151 2576 
437 1710 1720 
964 882 1991 
1648 2633 2151 
1191 211 2527 
964 1599 1991 
1366 831 1383 
1432 211 2527 
1599 1126 324 
1976 195 1230 
2667 2826 1615 
2557 1164 726 
704 3003 2150 
1831 2197 503 
1161 2544 880 
772 831 1383 
1362 2398 1987 
704 2374 2605 
2197 2398 503 
2827 936 1615 
1720 81 1373 
1362 1987 1432 
2525 2838 1191 
437 1710 1805 
1627 405 1076 
234 2557 2444 
2316 2442 2065 
81 1373 2544 
1262 2381 2453 
195 1230 2309 
1691 1805 1926 
779 1443 2525 
2453 283 1774 
1636 2444 2557 
1627 2098 1076 
1599 1484 324 
1365 2605 2374 
372 1055 882 
752 1793 3091 
372 964 882 
1927 2991 393 
1386 2667 2528 
1362 1536 2398 
1969 1055 1161 
2150 1978 3003 
1090 1691 1926 
772 1090 1691 
2525 2838 1443 
696 1076 2098 
696 195 2098 
1720 1373 1710 
1230 1774 2309 
1665 2527 1191 
1314 2647 2340 
2340 1648 2633 
726 1555 2038 
936 2826 1615 
2826 2528 2667 
11 1599 1484 
779 2036 1366 
348 3009 1314 
419 1365 345 
2444 345 419 
2827 936 1831 
2038 3091 752 
1161 2544 962 
1536 503 2398 
1805 328 1710 
11 964 1599 
393 1927 2065 
1636 1033 2444 
324 1867 2381 
158 1386 2528 
324 1867 1484 
1432 1777 2527 
1044 2381 2453 
2690 348 2164 
2838 955 1191 
3060 2151 2633 
1969 372 1055 
2036 1366 1383 
2038 752 1555 
1867 2381 1044 
1805 328 1926 
2991 1927 2576 
405 1793 2791 
1161 962 1969 
752 1793 2791 
955 1665 1191 
726 2557 1636 
2332 1432 1362 
503 1462 1831 
2444 419 1033 
779 1443 2036 
158 2690 2164 
1665 2527 1777 
348 3009 2164 
2332 1432 1777 
704 2605 2599 
809 1978 2316 
320 1774 2309 
1521 2340 2633 
636 772 1383 
726 1555 2426 
881 11 964 
175 1373 1710 
283 320 1774 
636 772 1090 
2151 2576 3060 
2075 283 2453 
2453 1044 2075 
1521 2340 2647 
1365 1966 2605 
1462 936 1831 
1969 962 1906 
1710 175 328 
2065 2316 2765 
2036 554 1383 
1462 1783 936 
1174 1362 1536 
754 1484 11 
2791 405 1076 
177 372 964 
1865 2576 3060 
1969 255 372 
704 2599 3003 
503 1536 3040 
881 177 964 
1362 2332 2475 
1695 2599 3003 
1160 1373 2544 
962 1160 2544 
96 726 1636 
2647 1314 3009 
2309 195 696 
11 754 881 
1443 2036 1923 
96 726 2426 
3003 354 1978 
554 636 1383 
2647 775 3009 
2309 3057 696 
525 1484 1867 
1665 604 1777 
1365 419 1966 
352 1927 2065 
2838 955 1443 
503 3040 1462 
328 2952 1926 
1521 2375 2633 
2316 2765 809 
754 1484 525 
955 1443 1461 
1362 2475 1174 
3003 354 1695 
372 177 1056 
255 1056 372 
1442 3040 1536 
3060 2375 2633 
175 546 1373 
546 1373 1160 
955 604 1665 
255 1906 1969 
1927 2576 3038 
1229 2791 1076 
1865 2576 3038 
352 2065 2765 
1174 1442 1536 
103 1867 525 
652 1555 752 
730 955 1461 
320 2309 3057 
1076 696 1116 
158 1696 2164 
283 413 2075 
1926 1090 2952 
158 2528 2612 
881 754 2459 
955 2424 604 
554 1923 2036 
809 354 1978 
1777 2332 1941 
962 1160 1990 
936 1255 2826 
1923 1443 1461 
1044 103 1867 
1777 876 604 
754 483 525 
1777 876 1941 
730 955 2424 
2165 2605 2599 
1871 2647 1521 
283 413 320 
2528 1746 2826 
1783 936 1255 
636 1090 364 
2165 2605 1966 
1906 1990 962 
652 2791 752 
3038 352 1927 
158 1696 2612 
2332 1941 2475 
438 1555 2426 
2826 1255 1746 
2075 181 1044 
483 754 2459 
1044 103 181 
2647 775 1871 
96 1636 2060 
1033 1636 2132 
2528 2612 1746 
177 729 881 
1090 1332 2952 
175 328 745 
729 881 2459 
1186 554 636 
809 354 1685 
364 1090 1332 
2679 3009 2164 
1865 2413 3060 
1174 2475 1490 
2679 3009 775 
1636 2132 2060 
419 2132 1033 
438 1555 652 
1174 1490 1951 
483 525 1165 
1695 2599 872 
3057 1116 696 
3060 2375 2413 
1966 720 419 
276 1906 255 
1076 585 1229 
1442 3040 912 
1076 585 1116 
328 1441 2952 
328 745 1441 
872 2165 2599 
175 546 745 
554 1923 1502 
320 3057 2935 
642 3057 1116 
1465 1941 2475 
652 1229 2791 
1151 2765 809 
255 1056 824 
2163 3038 1865 
1923 1461 2262 
1951 1174 1442 
1403 177 1056 
419 720 2132 
177 729 1830 
1186 1502 554 
276 1906 1990 
113 181 103 
1269 1521 2375 
1490 1465 2475 
352 2765 3035 
1317 1923 2262 
1160 546 1277 
604 876 2319 
1462 1032 3040 
636 364 1186 
255 276 824 
1462 1032 1783 
1685 809 1151 
1403 177 1830 
1441 1332 2952 
546 745 690 
1696 2164 2679 
1151 2765 3035 
525 1165 103 
604 2424 2280 
2426 96 438 
201 483 2459 
1941 1836 876 
1317 1923 1502 
320 413 41 
1265 2459 729 
604 2280 2319 
413 181 2075 
1165 103 113 
824 1403 1056 
652 1229 1725 
1265 2459 201 
989 1165 113 
1871 1545 775 
912 1032 3040 
642 2935 3057 
1966 2165 1078 
1782 730 1461 
483 201 1165 
1229 585 2995 
3079 730 2424 
41 320 2935 
1782 3079 730 
113 181 859 
690 1277 546 
1865 2163 2413 
1782 1461 2262 
1990 1160 1277 
276 1990 160 
2235 364 1186 
354 1695 2110 
2280 3079 2424 
1490 1465 2524 
1941 1465 1836 
3038 352 990 
438 815 652 
1269 2413 2375 
1966 2961 720 
1834 2060 96 
1966 2961 1078 
1442 292 1951 
276 824 1692 
912 1442 292 
1695 872 2110 
1620 2235 364 
413 181 488 
510 1696 2679 
1277 1662 1990 
354 2110 1685 
2932 1521 1871 
2319 876 1836 
1255 1783 2584 
16 1265 729 
729 1830 16 
1032 2584 1783 
2674 96 438 
1269 1521 2932 
510 2574 1696 
1725 2995 1229 
775 1545 2679 
1268 201 1165 
160 1662 1990 
1332 364 1620 
181 2964 859 
912 1032 2010 
2132 2801 2060 
745 1441 2900 
720 1877 2132 
2932 1545 1871 
655 2262 1782 
352 990 3035 
2328 1186 1502 
2574 1696 2612 
2964 181 488 
1317 2262 2537 
1877 2132 2801 
745 1296 2900 
433 1465 1836 
1269 2131 2413 
706 2574 2612 
2524 1490 1951 
115 160 276 
690 1296 745 
171 292 1951 
2674 1834 96 
2524 1951 171 
872 1259 2110 
2625 1255 1746 
1165 1268 989 
3038 990 2163 
1265 2266 201 
2163 2413 2588 
1465 2524 2812 
113 1004 989 
720 1877 1817 
2328 1186 2235 
115 276 1692 
1332 1441 2210 
2165 1078 872 
2319 2627 1836 
488 41 413 
2935 642 1698 
1363 1502 1317 
655 2262 2537 
1746 2612 1476 
2319 1884 2280 
433 1465 2812 
815 438 2674 
585 642 1116 
113 859 1004 
433 1534 1836 
2625 1255 2584 
1902 824 1403 
1545 510 2679 
1834 2060 2801 
1902 2861 824 
1725 652 815 
2861 824 1692 
41 2935 1698 
1332 188 2210 
2328 1363 1502 
1620 1332 188 
585 642 1412 
690 1513 1277 
1363 1317 2537 
16 1265 2266 
706 2612 1476 
1078 1259 872 
989 135 1268 
642 251 1412 
1476 1746 2625 
1441 2900 2210 
990 2163 2037 
201 1268 2266 
1782 3079 2087 
2131 2413 2588 
2319 2627 1884 
1861 1830 16 
1534 1836 2627 
292 912 2010 
1403 1861 1830 
400 990 3035 
720 1817 2961 
1902 1403 1861 
2524 3055 171 
380 510 1545 
156 2995 1725 
1620 188 2048 
41 488 789 
974 1685 2110 
29 1268 2266 
1269 1225 2131 
1151 3035 400 
1078 1259 3026 
2524 2029 2812 
2616 2280 3079 
2037 2163 2588 
1725 2832 815 
1269 1225 2932 
2087 2616 3079 
1189 1151 400 
2136 1884 2280 
2136 2616 2280 
1189 1151 1685 
1692 2094 115 
1277 1513 1662 
585 2995 1412 
1244 1513 1662 
2932 1545 380 
344 488 2964 
1534 433 2759 
2029 2524 3055 
2674 492 1834 
135 1004 989 
1704 2964 859 
1698 251 642 
690 1296 1513 
156 2995 1412 
442 1817 1877 
1704 2964 344 
1692 2094 2861 
404 1620 2235 
760 41 1698 
877 1268 135 
1725 2832 759 
1782 655 2087 
974 1189 1685 
2266 908 29 
908 16 2266 
1259 2110 2732 
1156 1698 251 
705 908 16 
877 29 1268 
1004 859 1704 
2276 433 2812 
655 2087 1020 
1575 510 2574 
1032 2010 1730 
1662 160 1098 
2128 655 2537 
1111 115 160 
2584 1730 1032 
442 1877 2801 
2625 943 2584 
706 2415 2574 
2010 292 1845 
705 16 1861 
789 41 760 
135 1004 1453 
2276 433 2759 
156 759 1725 
93 1861 1902 
1111 160 1098 
302 2210 2900 
1363 2251 2328 
1534 2373 2627 
974 1189 1873 
488 789 968 
404 1620 2048 
2294 171 292 
1884 2373 2627 
1628 2131 2588 
1296 1513 2760 
815 2832 2674 
1111 115 597 
8 2235 2328 
2110 2732 974 
2094 115 597 
380 510 853 
1363 2128 2537 
1004 1518 1704 
171 2294 3055 
2961 1837 1078 
292 1845 2091 
1902 2861 66 
1323 2832 2674 
1837 3026 1078 
344 488 968 
1575 2415 2574 
32 1834 2801 
706 2415 1476 
2029 2276 2812 
2094 66 2861 
2128 655 1020 
404 8 2235 
1884 2373 2763 
2251 8 2328 
1884 2136 2763 
510 1575 853 
2028 2932 380 
1837 1817 2961 
32 492 1834 
1534 1159 2373 
1296 2760 2900 
1004 1453 1518 
1845 2010 1730 
512 2037 990 
32 442 2801 
1098 1244 1662 
302 2760 2900 
2087 2616 1840 
2103 1534 2759 
1156 1698 760 
1534 1159 2103 
670 135 877 
2189 2588 2037 
1225 1628 2131 
1259 2732 3026 
1225 2028 2932 
292 2294 2091 
2584 943 1730 
2087 1020 1840 
640 2760 1513 
990 400 2722 
1902 66 78 
93 1902 78 
442 421 1817 
990 512 2722 
492 1323 2674 
3055 2029 2772 
1453 135 670 
1476 1832 2415 
2128 1194 1020 
1677 2616 2136 
29 1716 908 
1412 156 2950 
2189 2588 1628 
66 947 2094 
2048 2069 404 
188 2048 910 
1817 1837 421 
156 759 60 
188 302 2210 
640 1244 1513 
60 156 2950 
1476 2625 943 
1363 2251 2363 
597 947 2094 
2103 1748 2759 
1412 251 204 
1363 2128 2363 
741 760 789 
2276 1748 2759 
974 1873 1925 
1861 595 705 
29 114 877 
114 224 877 
1677 2616 1840 
29 114 1716 
188 302 910 
32 492 203 
224 670 877 
804 2136 2763 
2029 2276 1643 
1925 2732 974 
804 2136 1677 
400 1189 481 
1453 1862 670 
1476 1832 943 
2029 1643 2772 
968 2941 344 
1412 2950 204 
2048 2069 910 
1225 1628 2893 
1704 344 504 
1575 2014 2415 
1716 705 908 
853 2028 380 
2189 2037 512 
2732 1894 3026 
2722 481 400 
1894 1837 3026 
595 93 1861 
1837 1333 421 
1194 2897 1020 
251 204 1156 
1225 1770 2028 
796 1323 2832 
2941 344 504 
1716 1881 705 
1737 2373 2763 
1737 2763 1064 
796 759 2832 
1737 2373 1159 
759 1798 60 
853 2028 3102 
2893 1225 1770 
640 689 1244 
943 1730 502 
1730 1011 502 
597 1111 572 
481 1873 1189 
8 1630 404 
1630 8 404 
2276 1748 2512 
760 338 1156 
1098 1244 689 
866 1704 1518 
2294 2772 3055 
32 317 442 
2287 2732 1894 
2512 2276 1643 
504 866 1704 
296 2294 2772 
2193 2363 2128 
2189 1628 1550 
2341 2028 3102 
2091 296 2294 
789 968 1389 
1881 705 595 
2287 1925 2732 
1185 1832 943 
1020 1840 2773 
1098 74 1111 
421 317 442 
2760 302 529 
741 789 1389 
796 759 1798 
1730 1845 1011 
1011 1845 2236 
804 2763 1064 
179 1453 1862 
163 2069 404 
595 93 946 
2760 1280 529 
2893 1550 1628 
670 973 224 
203 492 1323 
760 338 741 
66 239 947 
910 529 302 
2897 1020 2773 
968 1389 2941 
1832 2415 2467 
296 832 2772 
1630 163 404 
2193 2128 1194 
204 1156 1885 
2415 2014 2467 
1518 179 1453 
1098 74 689 
481 1873 2244 
74 572 1111 
1910 1716 114 
78 66 239 
946 78 93 
1770 2028 2341 
338 1885 1156 
1840 2773 1677 
1518 179 866 
1873 2244 1925 
502 943 1185 
572 597 947 
713 670 1862 
670 713 973 
8 2251 2017 
1445 2103 1748 
2014 853 1575 
2363 2251 2017 
1837 409 1894 
1333 1837 409 
640 1280 2760 
2009 1677 804 
2773 2901 1677 
203 1323 1532 
2091 296 1081 
2014 599 853 
529 910 1520 
910 2069 2984 
2903 60 2950 
1832 2467 1895 
1512 2189 512 
224 114 973 
1845 2091 2236 
378 1716 1881 
946 78 1950 
853 3102 599 
317 32 203 
163 2069 2984 
378 1716 1910 
8 1630 2017 
557 1737 1159 
2808 504 2941 
2901 1677 2009 
557 1159 2103 
689 1803 74 
1643 2772 832 
266 572 947 
481 2949 2244 
796 1323 1532 
796 1532 1616 
557 1445 2103 
78 1950 239 
1064 99 804 
1643 832 2902 
3097 1064 1737 
1081 2091 2236 
1895 1185 1832 
2092 1333 421 
595 1753 1881 
2300 2193 1194 
595 1753 946 
1798 60 2903 
114 2191 973 
640 1280 1087 
99 2009 804 
633 204 2950 
2823 203 1532 
1748 2512 1094 
1925 1499 2287 
1081 3013 2236 
1194 2300 2897 
1748 1445 1094 
512 1869 2722 
2897 954 2773 
633 204 969 
2722 481 1869 
1512 1550 2189 
1925 1499 2244 
170 2808 2941 
239 266 947 
204 969 1885 
689 640 1087 
504 1438 866 
317 421 2092 
1770 1914 2893 
1074 338 741 
114 2191 1910 
516 2467 2014 
2950 633 2903 
481 2949 1869 
504 1438 2808 
2897 361 954 
361 2300 2897 
1894 798 2287 
170 1389 2941 
1770 890 2341 
1389 741 1074 
973 2191 601 
1512 512 1869 
409 798 1894 
2984 910 1520 
1064 99 3097 
317 1992 2092 
1798 1606 2903 
502 2594 1011 
2984 1380 1520 
74 572 2104 
1512 1550 185 
179 1862 713 
2476 1643 2512 
1914 1550 2893 
2017 1095 1630 
2773 2901 954 
1616 1798 796 
2981 502 1185 
2476 1643 1676 
317 2823 203 
1643 1676 2902 
1606 1616 1798 
713 1639 973 
179 241 866 
1011 2236 2594 
296 1675 832 
2092 1333 409 
179 318 713 
266 572 2104 
890 3102 2341 
1644 2363 2193 
557 1737 3097 
647 689 1087 
1644 2017 2363 
529 1280 2348 
914 2009 2901 
241 866 1438 
338 1885 2 
2193 2300 1848 
611 1606 2903 
2476 1094 2512 
1644 1848 2193 
599 516 2014 
1571 2949 2244 
296 1081 2847 
1971 3097 557 
378 589 1881 
317 1856 2823 
589 1753 1881 
973 601 1639 
465 946 1753 
1499 1571 2244 
2488 163 1630 
1770 1914 890 
1550 1914 2356 
239 902 1950 
366 1910 2191 
1675 296 2847 
99 2520 2009 
2 1074 338 
170 1389 1650 
946 1950 125 
1550 185 2356 
1992 317 1856 
12 1856 2823 
1675 2483 832 
1095 2488 1630 
99 2714 3097 
647 689 1803 
179 241 318 
557 1445 1470 
798 1499 2287 
1087 1280 2348 
133 239 902 
1879 163 2984 
2582 3102 599 
1895 1185 1917 
890 2582 3102 
133 239 266 
914 2009 2520 
1895 1917 3025 
890 1914 2968 
1803 2104 74 
1606 1616 2572 
3025 1895 2467 
502 2594 2981 
465 946 125 
1520 529 2348 
969 1885 2943 
1879 2488 163 
294 647 1803 
2236 2594 2408 
1977 1094 1445 
1971 2714 3097 
2236 3013 2408 
832 2902 2483 
366 1910 378 
1474 409 2092 
1380 1879 2984 
2955 1869 2949 
1650 1389 1074 
902 125 1950 
1470 1977 1445 
1885 2943 2 
366 641 378 
633 611 2903 
318 713 1639 
2808 1002 1438 
196 1532 2823 
1616 2572 1532 
1803 2104 1342 
1571 2949 2955 
1512 1869 2366 
61 3013 1081 
57 2594 2981 
266 133 605 
516 172 599 
2467 516 1901 
318 2604 1639 
1185 1917 2981 
577 2348 1520 
1901 2467 3025 
1650 1074 1723 
2902 1742 2483 
601 1226 1639 
2050 798 1499 
681 633 969 
1306 954 2901 
633 611 1267 
1676 2902 1742 
465 351 1753 
61 1081 2847 
1901 1243 3025 
1532 2572 196 
378 589 641 
1753 351 589 
667 1226 1639 
1306 2101 2901 
2101 914 2901 
99 2520 2714 
170 697 1650 
2411 185 1512 
599 2582 172 
577 1380 1520 
2 1074 1723 
170 1002 2808 
2366 2411 1512 
1639 667 2604 
196 2823 12 
1606 1686 611 
1869 2955 2366 
1474 2092 1992 
366 2191 601 
148 1342 2104 
2356 1914 2968 
1474 409 798 
194 170 1002 
294 1342 1803 
366 601 1226 
1936 1644 2017 
361 954 1306 
2943 681 969 
2104 266 605 
569 1848 2300 
194 170 697 
1977 739 1094 
886 2520 2714 
1095 2017 1897 
351 1367 589 
1936 2017 1897 
605 2104 148 
361 1306 1960 
561 1087 2348 
1606 1686 2572 
1960 2300 361 
1474 798 2047 
1094 1451 2476 
1109 647 1087 
798 2047 2050 
2050 1499 1571 
557 2273 1470 
681 1267 633 
577 1807 1380 
1971 557 2273 
1061 125 465 
1438 241 1002 
569 1960 2300 
1094 1451 739 
1807 1380 1879 
1474 596 1992 
1856 596 1992 
890 2968 2582 
1917 2981 836 
1109 561 1087 
57 2594 2408 
2355 2 2943 
459 1650 1723 
1451 1676 2476 
1474 213 596 
516 172 1901 
2847 1675 2297 
133 902 1477 
1378 3013 2408 
914 1915 2520 
2050 1638 1571 
57 836 2981 
241 318 541 
61 1378 3013 
577 2348 1423 
241 541 1002 
1714 1879 2488 
1095 2488 1376 
1915 914 2101 
2 1723 2355 
569 1644 1848 
459 697 1650 
988 2572 196 
605 2077 133 
89 366 641 
1095 1376 1897 
2534 2968 2356 
2955 621 1571 
1742 2019 1676 
262 459 1723 
185 2007 2356 
1686 988 2572 
611 1267 1686 
2968 467 2582 
2714 1974 1971 
1451 2019 1676 
351 465 1061 
1807 1879 1942 
1766 2483 1742 
589 2409 641 
681 1267 1890 
185 2007 2411 
621 2955 2366 
1227 366 1226 
1477 2077 133 
238 318 541 
2348 561 1423 
238 318 2604 
1971 2273 1974 
2534 2968 467 
886 1915 2520 
2007 2534 2356 
621 1638 1571 
1267 1651 1686 
667 826 1226 
1109 294 647 
1227 366 867 
921 12 1856 
1675 2483 1766 
589 2409 1367 
1376 1714 2488 
366 89 867 
886 2714 1974 
151 1002 541 
213 1474 2047 
681 2943 1661 
596 921 1856 
667 1369 2604 
172 2523 2582 
196 921 12 
902 1211 1477 
1470 1671 1977 
61 2297 2847 
1675 1766 2297 
1714 1879 1942 
351 1920 1061 
1917 2737 836 
569 593 1644 
467 2523 2582 
1226 826 1227 
125 486 902 
21 641 2409 
1661 2355 2943 
1936 593 1644 
172 784 1901 
125 486 1061 
486 902 1211 
1109 294 1697 
2737 3025 1917 
2007 2254 2411 
1470 1671 2273 
1243 2737 3025 
1306 524 1960 
196 2174 988 
196 2174 921 
2355 1723 262 
294 1342 1697 
667 826 1369 
1916 2047 2050 
621 1705 2366 
697 1582 194 
2638 213 2047 
820 2408 57 
172 1480 784 
2254 2366 2411 
820 2408 3081 
1705 2254 2366 
1378 3081 2408 
905 605 2077 
2560 61 2297 
1660 1977 739 
459 697 1582 
2359 621 1638 
1901 784 1243 
2273 552 1974 
820 57 836 
905 148 605 
1638 1916 2050 
1660 1671 1977 
1625 1651 1686 
561 1109 1702 
89 641 21 
1306 2101 2805 
1766 2297 3090 
2355 680 262 
1290 2101 1915 
1974 886 1689 
1451 739 1559 
351 1367 1920 
1306 2805 524 
681 691 1890 
1267 794 1651 
681 691 1661 
1369 2604 238 
1449 577 1807 
2130 1742 1766 
1916 2047 2638 
2560 61 1378 
988 1686 1625 
194 151 1002 
148 570 1342 
651 1243 2737 
2130 1742 2019 
1267 1890 794 
475 577 1423 
651 2737 1283 
172 2523 1480 
1449 475 577 
621 2359 1705 
1261 988 1625 
1915 886 1689 
268 1367 2409 
651 784 1243 
2254 279 2007 
570 1342 1697 
1792 1897 1936 
262 391 459 
739 1559 1660 
213 596 1943 
1451 1559 2963 
1423 2806 561 
1714 1942 941 
1974 2792 1689 
576 2007 2534 
1449 1942 1807 
1290 2101 2805 
940 1451 2019 
1960 2593 569 
1638 1334 1916 
2963 940 1451 
268 1367 1920 
1943 596 921 
2359 1334 1638 
148 570 801 
467 2748 2534 
268 787 1920 
1261 988 2174 
1943 2638 213 
593 1936 1792 
391 459 1582 
148 905 801 
1897 1982 1376 
1960 2593 524 
576 2748 2534 
194 151 1732 
1811 1705 2254 
576 279 2007 
1697 1109 1702 
1480 2152 2523 
2859 836 2737 
680 1661 2355 
1999 1671 2273 
541 238 1549 
183 2174 921 
1702 561 2806 
1549 151 541 
1379 2297 3090 
1449 1942 941 
2409 21 518 
1477 2077 506 
89 2360 867 
1582 1732 194 
89 2360 21 
1227 97 867 
2748 467 2523 
651 1283 2145 
1061 178 486 
2273 552 2948 
2560 1379 2297 
1890 794 1642 
2273 1999 2948 
1061 2905 1920 
1974 2792 552 
826 562 1227 
1061 2905 178 
1982 1376 1714 
1477 506 1211 
1811 1705 2359 
680 494 1661 
941 367 1714 
1811 279 2254 
1378 547 2560 
1982 367 1714 
1421 651 784 
1916 2503 2638 
268 518 2409 
1733 1915 1689 
183 1943 921 
680 1450 262 
1890 691 1642 
591 826 1369 
1897 1982 1792 
2859 820 836 
1480 784 1311 
1283 2737 2859 
2130 940 2019 
2152 2523 2748 
1334 2359 2926 
1334 1916 2503 
1766 2130 3090 
593 2593 569 
593 1979 2593 
593 1302 1792 
1733 1915 1290 
475 1423 2806 
1227 97 562 
2926 1811 2359 
1733 2936 1689 
562 591 826 
591 1369 238 
2130 2217 3090 
506 905 2077 
1702 1697 1735 
2360 21 813 
279 576 2857 
1402 591 238 
494 691 1661 
1261 2174 3045 
1660 1671 2906 
1943 2503 2638 
1421 784 1311 
787 1920 2905 
570 1697 2820 
21 813 518 
1651 1548 1625 
494 691 2793 
794 1651 1548 
1241 1732 151 
1625 1261 2578 
183 2174 3045 
686 238 1549 
279 1811 2857 
183 1943 2338 
1378 3081 547 
794 1548 839 
1548 1625 2578 
1450 391 262 
1671 2403 2906 
820 521 3081 
2153 1943 2503 
1334 1968 2503 
1334 2926 1968 
2926 1811 1525 
1697 1735 2820 
1811 2857 1525 
1402 686 238 
1559 2963 323 
869 1450 391 
1480 2152 1954 
1559 323 1660 
1999 1671 2403 
709 2593 524 
524 1605 2805 
3081 547 3084 
1702 2806 1387 
2792 552 1498 
1480 1954 1311 
3084 521 3081 
506 972 1211 
50 801 905 
1582 1732 85 
97 867 2360 
2153 1943 2338 
151 1549 1241 
1808 2963 940 
651 1119 1421 
323 334 1660 
2805 1290 1605 
1050 268 518 
1328 2130 940 
1689 2792 2532 
1642 794 839 
1050 268 787 
1982 379 1792 
2936 1689 2532 
506 905 50 
1379 2560 2992 
1211 486 972 
593 1979 1302 
334 1660 2906 
1455 2748 576 
1998 2578 1261 
391 85 1582 
1119 651 2145 
1998 3045 1261 
2859 631 820 
1968 2263 2926 
2857 903 576 
1302 1508 1792 
524 1605 709 
1283 2859 2896 
391 33 85 
1455 903 576 
2503 1968 2153 
379 1508 1792 
2263 1525 2926 
1998 2578 847 
97 657 2360 
631 521 820 
1455 2152 2748 
1283 2145 2896 
1808 2963 323 
547 2992 2560 
3045 2068 183 
1329 475 1449 
734 486 972 
2068 183 2338 
1702 1735 1387 
232 1311 1421 
734 178 486 
609 562 97 
475 1763 2806 
903 1525 2857 
941 1385 1449 
552 1498 2948 
575 1241 1549 
1642 839 3086 
494 680 1450 
1954 1455 2152 
691 1124 1642 
1548 839 2573 
813 2985 518 
1982 367 379 
863 1290 1605 
1498 2792 2532 
1379 2789 3090 
1311 1954 2401 
232 1311 2401 
2793 691 1124 
1149 2338 2153 
2578 1548 167 
2789 2217 3090 
1968 2153 2263 
562 753 591 
863 1290 1733 
2153 2263 1149 
466 2905 178 
556 657 2360 
1525 2263 903 
2027 1498 2948 
3045 1998 2068 
2856 1999 2403 
1328 2130 2217 
367 941 1385 
1329 1385 1449 
2578 847 167 
903 1455 2694 
475 1329 1763 
1149 2338 2068 
391 33 869 
1771 2820 570 
390 1149 2068 
1387 1763 2806 
2859 602 2896 
602 631 2859 
39 1954 1455 
218 2263 903 
39 1954 2401 
2856 1999 2948 
2877 232 1421 
1732 1241 1409 
2360 813 1551 
2877 1119 1421 
218 2263 1149 
709 2593 2925 
1979 2593 2925 
1642 3086 1124 
1548 167 2573 
1050 518 2985 
232 1806 2401 
1170 50 506 
847 2493 1998 
1551 813 2985 
92 1806 2401 
801 570 1771 
1735 297 1387 
97 609 657 
1328 940 1808 
2027 2856 2948 
2068 2493 1998 
50 801 535 
506 972 1170 
218 2694 903 
1302 2804 1979 
2068 390 2493 
801 535 1771 
3086 581 1124 
167 847 1471 
1328 487 1808 
1605 709 976 
731 1379 2992 
562 753 609 
2694 39 1455 
367 379 2703 
1409 85 1732 
693 847 2493 
2360 556 1551 
693 847 1471 
218 390 1149 
92 2866 2401 
39 2401 2866 
839 2573 3086 
1328 2217 2290 
2694 39 1356 
1379 2789 731 
2573 3086 429 
2877 232 1806 
1356 218 2694 
787 2905 618 
323 334 2208 
92 2866 1471 
1360 167 1471 
1360 167 2573 
92 1360 1471 
618 787 1050 
92 1360 1806 
740 494 1450 
494 1271 2793 
39 2866 1356 
693 1471 2866 
734 178 466 
367 724 1385 
686 1540 1402 
1356 218 390 
1549 575 686 
3046 323 1808 
1356 693 390 
693 390 2493 
693 1356 2866 
23 1050 2985 
1130 1360 2573 
1892 547 3084 
2364 2532 2936 
1124 1271 2793 
2303 2145 1119 
3046 323 2208 
367 724 2703 
2877 316 1119 
2877 1806 258 
2303 2145 2896 
466 2905 618 
740 494 1145 
494 1145 1271 
429 1130 2573 
1387 1763 1778 
258 1360 1806 
2198 379 1508 
2303 2485 1119 
334 2454 2906 
2485 316 1119 
1170 50 895 
9 753 591 
1402 9 591 
2403 2906 1678 
1735 2820 19 
874 429 3086 
1302 1508 2804 
581 874 3086 
2303 107 2896 
258 1130 1360 
734 972 140 
863 314 1733 
1892 2992 547 
521 2668 3084 
1678 2906 2454 
1498 2022 2027 
19 3032 2820 
487 3046 1808 
7 618 1050 
107 602 2896 
1238 258 2877 
314 2936 1733 
3032 1771 2820 
1096 869 1450 
50 895 535 
316 1238 2877 
1508 2804 1552 
458 972 1170 
75 1241 1409 
737 1551 556 
2372 2403 2856 
521 631 2668 
643 466 618 
1735 19 297 
1073 1498 2532 
2789 2217 2290 
931 575 686 
2372 2403 1678 
1329 1385 1274 
314 2364 2936 
1552 2198 1508 
334 2208 2454 
575 1241 75 
379 2703 2198 
398 33 85 
275 429 1130 
297 1387 1778 
740 1096 1450 
1498 2022 1073 
709 976 2925 
258 1130 1238 
1402 9 1540 
686 931 1540 
1328 2290 1796 
228 1124 1271 
23 1050 7 
275 1130 1238 
316 1238 2844 
275 429 874 
1605 863 976 
931 1143 575 
2027 2628 2856 
2485 2844 316 
2668 1892 3084 
565 609 657 
2282 2985 1551 
1892 2354 2992 
487 1328 1796 
275 333 874 
2306 581 1124 
384 631 2668 
2073 107 602 
85 398 1409 
2306 228 1124 
2396 556 657 
2354 2992 731 
140 458 972 
2364 2532 1073 
1763 1100 1778 
2804 1979 2925 
891 1771 535 
1763 1329 1274 
581 874 333 
1763 1100 1274 
1238 2844 1583 
275 1238 1583 
2027 2628 2022 
2364 2851 1073 
2282 2985 23 
54 2485 2303 
2789 2192 2290 
565 657 2396 
2306 581 333 
2192 731 2789 
535 895 1738 
161 863 976 
107 2303 2873 
2804 1815 2925 
54 2485 2844 
737 1551 2282 
602 631 1801 
2221 398 1409 
2974 734 466 
1096 33 869 
333 1097 275 
1857 314 2364 
959 3046 2208 
2974 466 643 
602 2073 1801 
2628 2856 2372 
2261 1815 2925 
9 1108 753 
609 1272 565 
1385 892 1274 
575 75 3066 
2208 2454 2987 
1097 275 1583 
1385 724 892 
631 384 1801 
1240 2303 2873 
140 340 734 
575 1143 3066 
609 1272 753 
724 892 928 
54 2844 715 
1168 487 3046 
2639 297 19 
724 1118 2703 
535 891 1738 
2974 734 340 
1202 1096 33 
959 2208 2987 
1271 69 228 
1272 753 1108 
1552 1815 2804 
2925 2261 976 
2396 556 737 
2198 2703 1118 
2618 2668 1892 
128 1100 1274 
2073 2873 107 
715 1583 2844 
2303 54 1240 
33 398 1202 
9 1540 1105 
1778 297 2639 
715 2405 1583 
1184 2192 2290 
1771 3032 43 
2435 1678 2454 
891 1771 43 
75 1409 2221 
223 2306 333 
1145 1271 69 
1168 487 2252 
1072 2261 976 
161 863 2270 
86 128 1274 
715 2466 54 
54 2466 1240 
928 1118 724 
1778 4 2639 
2198 383 1118 
2270 314 863 
333 1097 2412 
487 2252 1796 
333 2412 223 
2435 2454 2987 
2290 1796 1184 
959 1168 3046 
1145 69 837 
1043 2282 23 
161 976 1072 
1170 895 1899 
458 1170 1899 
1097 1583 2405 
895 1738 1899 
1097 44 2405 
1892 2354 2618 
7 23 1043 
2890 2628 2372 
731 862 2354 
1857 2364 2851 
837 1145 740 
458 2185 1899 
2396 699 737 
1678 2695 2372 
2890 2302 2372 
1100 1778 4 
731 862 2192 
1552 2611 1815 
19 59 3032 
86 892 1274 
643 490 618 
59 2639 19 
384 1492 2668 
931 1105 1540 
1324 2198 1552 
1324 2198 383 
140 340 2018 
263 740 1096 
662 2073 2873 
140 2018 458 
1678 2695 2435 
314 687 1857 
3 618 7 
2022 1006 2628 
2618 1492 2668 
715 1192 2466 
1552 2611 1324 
43 59 3032 
715 1192 2405 
737 2282 62 
263 837 740 
1006 2628 2890 
2270 687 314 
228 69 64 
3 490 618 
3 7 1043 
2306 64 228 
707 1097 2412 
707 1097 44 
75 894 2221 
490 2974 643 
1100 1855 4 
2613 2354 2618 
75 894 3066 
150 223 2306 
150 2306 64 
1240 662 2873 
51 398 2221 
44 1192 2405 
761 1192 2466 
662 2452 2073 
1073 2851 2241 
931 1105 1392 
3 305 1043 
128 1100 1855 
1006 1073 2022 
699 62 737 
1202 1096 452 
1801 2452 2073 
3020 1272 565 
761 1240 2466 
51 1202 398 
2695 2372 2302 
123 383 1118 
1143 1392 931 
182 9 1105 
458 2018 2185 
928 1118 123 
182 9 1108 
1043 2282 77 
1815 1390 2261 
862 2354 2613 
335 1143 3066 
149 707 2412 
128 86 1785 
149 223 2412 
1006 1073 2241 
959 2770 2987 
86 892 2842 
748 891 1738 
44 1192 1047 
2282 77 62 
38 1796 1184 
406 2618 1492 
1815 1390 1426 
2613 406 2618 
2611 1426 1815 
2770 959 1168 
1240 141 662 
263 1096 452 
586 1855 128 
1504 2435 2987 
1168 2252 2389 
1006 431 2241 
4 2639 1624 
800 2695 2435 
149 223 150 
86 2842 1785 
43 1448 891 
44 403 1047 
157 340 2974 
1184 2192 1825 
1801 2452 1891 
586 128 1785 
1143 1392 335 
1240 141 761 
44 403 707 
2639 59 212 
2396 699 1635 
2270 161 2384 
265 2018 2185 
2639 212 1624 
1796 2389 2252 
436 1272 1108 
2221 894 1511 
69 837 26 
1635 565 2396 
748 1738 1899 
892 993 2842 
2987 1504 2770 
1390 2261 1072 
1488 384 1801 
1857 2585 2851 
1796 2389 38 
892 928 993 
748 1448 891 
1488 1891 1801 
928 993 1570 
761 1047 1192 
928 123 1570 
1635 565 3020 
2221 51 1511 
77 305 1043 
2241 2585 2851 
1488 384 1492 
2974 157 490 
383 1315 1324 
862 2192 2567 
182 1804 1108 
1624 4 1855 
2192 2567 1825 
436 3020 1272 
173 1635 3020 
1504 2435 800 
123 383 1315 
926 2695 2302 
1168 1784 2770 
1957 263 837 
436 1804 1108 
68 182 1105 
707 149 2491 
2384 1072 161 
1307 1390 1072 
1202 51 1320 
68 1105 1392 
1533 1785 2842 
263 2886 452 
403 707 2491 
544 2270 687 
38 1184 1825 
59 43 1448 
64 69 26 
15 335 1392 
403 2764 1047 
1957 26 837 
2764 793 1047 
340 2018 420 
1168 1784 2389 
340 157 420 
761 98 1047 
150 149 786 
59 353 1448 
586 1855 407 
1202 1320 452 
1899 2185 423 
683 687 1857 
1857 2585 683 
59 353 212 
3066 335 1162 
3066 894 1162 
490 744 3 
403 1459 2491 
496 2452 1891 
406 1492 1618 
1785 586 1533 
1624 1855 407 
862 2264 2567 
403 1459 2764 
862 1030 2613 
0 149 2491 
2180 1006 2890 
862 2264 1030 
1308 64 150 
1488 1492 1618 
2384 1072 1307 
3 305 1911 
761 98 141 
98 1047 793 
68 679 1392 
141 662 2452 
149 786 2999 
149 0 2999 
786 1308 150 
2180 2302 2890 
894 1162 1070 
2994 1533 2842 
586 1533 1673 
1624 407 2784 
498 2491 1459 
2994 993 2842 
800 926 2695 
1624 1023 2784 
77 695 62 
341 38 2389 
263 2886 1957 
544 2270 2384 
282 586 1673 
407 282 586 
498 2491 0 
423 748 1899 
894 1070 1511 
123 1315 112 
431 2180 1006 
1193 1784 2389 
1341 1533 1673 
1315 1324 2122 
1426 2634 2611 
1767 2764 1459 
141 496 2452 
1341 1533 2994 
1767 2764 793 
3 744 1911 
2611 1324 2122 
406 1030 2613 
2302 2800 2180 
793 98 1393 
62 517 699 
265 420 2018 
123 112 1570 
498 1042 1459 
265 2185 423 
157 2785 490 
2172 938 1673 
2634 2611 2122 
64 1415 26 
793 1260 1767 
98 141 2788 
1584 2770 1504 
64 1308 1415 
938 2172 1042 
1618 1761 1488 
2172 282 1673 
683 687 544 
517 699 1635 
282 407 2784 
1767 938 1459 
15 679 1392 
938 1459 1042 
51 1511 665 
77 975 695 
490 744 2785 
1039 744 2785 
3082 938 1673 
38 2738 1825 
452 1544 2886 
793 1260 1393 
1371 1570 112 
938 1767 3082 
3082 1341 1673 
68 182 1721 
212 1023 1624 
436 3020 173 
517 332 1635 
2302 926 2800 
62 517 695 
1390 1426 2959 
1859 3082 1341 
0 116 498 
1584 2770 1784 
2161 1504 800 
341 2389 1193 
1320 1359 452 
464 182 1804 
1341 1859 2994 
1246 2172 1042 
1426 2634 2959 
993 1570 2994 
406 2682 1030 
51 1320 665 
1246 2172 282 
77 305 975 
237 423 748 
157 2785 420 
1260 3082 1767 
116 2999 0 
265 420 904 
282 198 2784 
282 198 1246 
1570 1371 2994 
2275 2384 1307 
1042 498 1246 
748 1038 1448 
1307 1390 1826 
464 182 1721 
98 1393 2788 
1284 1859 3082 
498 1246 116 
219 1371 2994 
1359 452 1544 
1972 2241 2585 
110 212 1023 
406 2682 1618 
15 335 1162 
141 496 1413 
219 2994 1859 
141 1413 2788 
1826 1390 2959 
1734 2275 1307 
904 265 423 
1260 1284 3082 
1891 53 496 
800 926 1694 
305 975 1911 
1491 436 1804 
431 1972 2241 
15 1162 1310 
544 2275 2384 
1415 1372 26 
353 1038 1448 
926 1503 2800 
173 332 1635 
26 1372 1957 
198 116 1246 
110 212 353 
1891 2479 1488 
68 678 679 
112 2122 1315 
1393 58 2788 
116 309 2999 
53 1891 2479 
219 1371 2100 
288 1957 2886 
800 1694 2161 
250 1491 436 
68 1721 678 
436 173 950 
1260 1393 1789 
2016 2585 683 
198 2074 2784 
219 1859 2425 
2074 2784 1023 
237 748 1038 
341 38 2738 
1260 1284 1789 
683 1659 544 
436 250 950 
1284 1859 2425 
309 786 2999 
1761 1488 2479 
2161 1504 1584 
198 1187 116 
744 1237 1911 
309 786 1308 
58 1393 1789 
2106 2567 1825 
17 309 1308 
1415 17 1308 
665 1070 1511 
112 2122 2333 
288 1372 1957 
1804 464 1491 
110 353 1775 
1413 394 496 
431 2180 1345 
2016 2585 1972 
1030 1489 2264 
2425 1789 1284 
628 665 1070 
110 1023 2074 
1594 544 2275 
353 1038 1775 
2386 341 1193 
55 2785 420 
975 1911 834 
198 2074 1187 
1398 1825 2738 
1398 1825 2106 
53 394 496 
1030 1489 2682 
420 653 904 
628 1070 1162 
834 1237 1911 
1623 1584 2161 
926 1503 1694 
423 904 1167 
341 2738 80 
2100 219 2425 
1544 288 2886 
1307 1734 1826 
975 695 1810 
1345 431 1972 
1371 1527 112 
1320 377 665 
544 1594 1659 
500 2122 2634 
2351 17 309 
1039 1237 744 
679 15 106 
981 1618 2682 
1371 1527 2100 
1320 1359 377 
173 332 497 
1584 1784 3093 
802 975 834 
2122 2333 500 
341 2386 80 
1489 2264 2567 
173 497 950 
865 1187 116 
795 1544 288 
110 1013 2074 
865 116 309 
695 1833 517 
110 2054 1775 
435 1784 3093 
1193 1784 435 
497 950 2463 
15 106 1310 
2161 2965 1623 
58 2788 1413 
1683 2100 2425 
981 1618 1761 
1158 332 517 
370 2634 2959 
1826 370 2959 
695 1810 1833 
1458 237 1038 
628 1162 1310 
464 1721 2922 
2425 1683 1789 
1489 2989 2567 
683 1659 2016 
145 628 1310 
237 423 1167 
1568 112 2333 
1345 1972 2070 
1568 112 1527 
110 1013 2054 
464 124 1491 
420 55 653 
1826 2710 1734 
1683 2100 2969 
2800 2180 1345 
80 1398 2738 
2989 2106 2567 
975 802 1810 
2800 1285 1345 
309 865 2351 
1038 1775 2717 
1623 1584 3093 
1187 2074 1013 
53 1487 2479 
1285 2800 1503 
2969 1527 2100 
678 2922 1721 
500 370 2634 
1659 711 2016 
1826 2710 370 
679 106 678 
332 497 1158 
653 904 1167 
2063 2275 1594 
56 1789 58 
237 1713 1458 
56 1683 1789 
237 1167 1713 
1039 1237 325 
1187 999 1013 
1544 795 1359 
55 2785 1039 
981 1761 551 
215 795 1359 
865 1187 999 
665 377 628 
1285 2023 1503 
288 105 1372 
58 1413 2114 
551 1761 2479 
1415 1372 105 
464 124 2922 
1694 2161 2965 
2682 1489 2121 
1930 55 653 
1413 394 509 
2121 981 2682 
517 1158 1833 
17 306 1415 
1972 1401 2016 
1734 2063 2275 
359 834 1237 
1413 509 2114 
1415 105 306 
30 377 628 
2710 1734 1866 
56 2114 58 
1038 1458 2717 
2386 1193 435 
288 1066 105 
727 106 1310 
30 2291 628 
865 2351 1236 
17 306 2351 
2054 501 1775 
280 1359 377 
56 1683 226 
439 1713 1167 
1594 2664 1659 
1503 2023 1694 
53 394 1487 
280 1359 215 
1310 145 727 
2054 2874 1013 
2386 2449 80 
55 87 1039 
106 678 1347 
1972 2070 1401 
87 325 1039 
1694 1745 2965 
2386 710 435 
2023 2175 1694 
231 250 1491 
501 1775 2717 
288 795 1066 
1517 250 950 
1568 1397 1527 
653 1167 2056 
711 1401 2016 
1345 3106 2070 
500 370 2173 
999 865 1236 
1237 325 359 
2969 1397 1527 
1345 1285 142 
2054 2874 501 
678 2922 1347 
231 124 1491 
306 1236 2351 
628 145 2291 
1734 1952 2063 
1810 1833 448 
231 250 1517 
1734 1952 1866 
999 2874 1013 
2479 1487 1666 
1345 3106 142 
55 87 1930 
1623 2635 3093 
278 802 834 
2479 551 1666 
2333 500 2173 
2969 1506 1683 
145 1003 2291 
278 359 834 
1506 1683 226 
1489 2768 2989 
368 1713 1458 
999 1099 1236 
701 124 2922 
711 1659 2664 
1694 1745 2175 
56 2114 226 
370 2173 2312 
2922 584 1347 
1810 448 802 
2312 2710 370 
579 2463 950 
448 660 802 
579 950 1517 
2350 2106 2989 
124 231 3016 
999 1121 2874 
497 1158 1882 
2333 1568 2173 
2023 2175 2660 
2969 1397 1506 
2350 2106 1398 
710 2386 2449 
306 1236 2993 
616 1458 2717 
520 105 1066 
105 1932 306 
1489 2121 2768 
368 439 1713 
106 1347 2867 
80 1398 2449 
1167 2056 439 
6 795 1066 
215 795 6 
1623 2446 2965 
377 30 280 
1158 771 1833 
842 2121 2768 
105 520 1932 
584 701 2922 
649 394 1487 
124 701 3016 
1398 2449 425 
501 616 2717 
2965 1745 2446 
653 2056 1930 
2114 1416 509 
425 1398 2350 
278 660 802 
999 1121 1099 
435 3093 2635 
394 509 649 
501 1655 2874 
339 87 325 
727 2867 106 
1196 1866 2710 
215 2680 6 
1594 2664 2063 
3106 2070 2012 
2320 1568 2173 
1882 497 2463 
616 1458 368 
981 551 1670 
615 2056 1930 
1196 2312 2710 
145 1003 727 
1623 2635 2446 
226 1416 2114 
226 2126 1416 
1506 226 2126 
1568 1397 2201 
1046 1882 2463 
2121 981 2281 
551 1666 1670 
435 1750 2635 
771 1158 1882 
808 1003 2291 
1022 2664 2063 
215 280 2680 
2320 1568 2201 
649 1487 1666 
325 823 359 
842 2121 2281 
448 1833 771 
710 778 2449 
2874 1121 1655 
30 808 2291 
1236 2993 1099 
981 2281 1670 
579 1046 2463 
306 2993 1932 
1285 2023 2660 
2776 711 1401 
87 1930 615 
1285 1025 2660 
1285 142 1025 
1401 1823 2070 
833 2173 2312 
6 1066 1299 
2063 860 1022 
711 1854 2776 
435 710 953 
501 616 1655 
435 1750 953 
711 1854 2664 
520 1299 1066 
2680 1052 280 
325 339 823 
1823 2070 2012 
71 1347 2867 
509 649 1416 
373 439 2056 
860 2063 1952 
727 2867 200 
2126 1416 1585 
1506 1397 2201 
1196 2312 3083 
1203 1655 616 
823 550 359 
359 278 550 
649 1666 2914 
2350 2989 2768 
30 280 513 
2175 2407 2660 
1745 2712 2175 
1506 573 2201 
231 3016 18 
231 3016 18 
1506 2126 2508 
448 31 771 
1401 1823 2776 
2660 319 1025 
2167 142 3106 
1003 727 200 
1022 1854 2664 
2167 2012 3106 
582 584 701 
117 579 1517 
368 373 439 
1052 280 513 
6 1596 1299 
30 750 808 
685 808 1003 
1866 1196 1952 
2446 2046 2635 
448 660 1218 
833 2173 2320 
71 1347 584 
1517 231 18 
710 2836 778 
634 2056 615 
1506 573 2508 
750 30 513 
1507 2350 2768 
1932 2102 2993 
87 339 615 
6 1596 2680 
2712 2175 2407 
278 660 2501 
778 2449 425 
1099 1250 2993 
2724 1507 2350 
1046 1882 499 
2312 3083 833 
1666 1670 2914 
807 1121 1655 
448 31 1218 
1750 2046 2635 
142 1025 2167 
520 907 1932 
807 1121 1099 
1361 368 616 
1203 1566 616 
771 499 1882 
319 2660 2407 
2781 842 2768 
1745 2712 2446 
1003 685 200 
1127 1670 2914 
2712 855 2446 
710 2836 953 
495 584 71 
1099 1250 807 
907 1932 2102 
649 1416 27 
1134 615 339 
2126 1585 2508 
660 1218 2501 
1566 616 1361 
373 634 2056 
368 373 1361 
3036 579 1046 
626 278 550 
2993 1250 2102 
1517 117 18 
860 1952 1598 
2781 1507 2768 
425 2350 2724 
807 1203 1655 
1598 1196 1952 
3036 117 579 
495 582 584 
701 3016 582 
491 3016 18 
520 1299 248 
491 3016 582 
520 248 907 
855 2446 2046 
3071 860 1022 
3050 1823 2012 
278 626 2501 
952 339 1134 
2781 842 2281 
2155 778 425 
425 2659 2724 
685 808 750 
1416 1585 27 
1750 2709 953 
339 823 952 
649 1838 2914 
1670 2281 1127 
1052 2680 1596 
389 1022 1854 
1598 2540 1196 
615 1134 634 
2201 2958 2320 
2841 823 952 
823 550 2841 
1482 2201 2958 
1585 27 3100 
1482 2201 573 
1046 499 3036 
1565 1596 1299 
2867 200 1375 
833 2320 2473 
389 1022 3071 
2867 71 1375 
771 499 1146 
2320 2958 2473 
2281 2692 1127 
649 1838 27 
2012 2167 3050 
2155 425 2659 
1196 2540 3083 
2473 3083 833 
18 2246 117 
750 513 900 
598 685 200 
382 807 1203 
248 298 907 
1565 248 1299 
1052 627 1596 
856 373 634 
18 2246 491 
644 2473 3083 
860 1874 3071 
1169 2167 3050 
1052 1934 627 
1934 513 1052 
31 771 1146 
2487 319 1025 
1 373 856 
1009 319 2407 
1598 860 1874 
1250 625 807 
644 3083 2540 
2024 373 1361 
1155 1750 2046 
2072 495 582 
2345 2776 1823 
2692 2781 2281 
2487 2966 1025 
1025 2167 2966 
319 1009 2487 
573 2508 600 
778 2155 2836 
31 1218 2917 
1565 1596 627 
685 1354 750 
1880 2692 2781 
2407 1009 2712 
1354 750 1141 
2102 607 1250 
2345 2776 1854 
1188 2246 117 
164 1127 2914 
1155 1750 2709 
200 1375 598 
2460 1585 2508 
2155 2836 3002 
1218 2501 2917 
1934 513 900 
626 2501 2957 
598 685 1354 
71 495 1375 
2665 3050 1823 
2460 3100 1585 
750 1141 900 
300 550 2841 
953 3002 2836 
1838 2914 164 
1 373 2024 
1361 620 1566 
31 336 2917 
2724 1507 3012 
953 3002 2709 
2781 1507 3012 
31 3061 1146 
2501 2917 2957 
1823 2345 2665 
382 1203 1566 
1756 855 2712 
2046 2602 855 
499 2447 3036 
573 1482 2795 
1854 389 2630 
1009 2712 2757 
550 300 626 
600 2460 2508 
31 336 3061 
573 600 2795 
781 495 1375 
1132 2841 952 
491 582 2072 
499 1146 2447 
1854 2345 2630 
2441 2724 2659 
607 907 2102 
1756 2712 2757 
2441 2724 3012 
625 382 807 
607 907 298 
1913 607 1250 
916 3036 117 
625 1250 1913 
1134 3034 952 
634 814 1134 
2167 1169 2966 
2447 995 3036 
2602 855 1756 
916 995 3036 
2046 2602 1155 
1169 2436 2966 
27 1292 3100 
1598 1649 2540 
1188 916 117 
952 1132 3034 
382 1242 1566 
1132 2841 300 
456 1565 248 
1934 773 900 
2781 1727 3012 
2781 1727 1880 
3002 574 2709 
1829 3071 389 
1242 620 1566 
1598 1649 1874 
491 2072 254 
27 1292 1838 
864 2958 2473 
634 814 856 
300 626 861 
2155 412 3002 
1874 1829 3071 
1361 620 2024 
2632 644 2473 
2123 1482 2958 
2659 2441 2849 
2849 2155 2659 
626 861 2957 
1155 2709 2875 
814 3107 856 
248 298 682 
1134 3034 814 
2246 491 1422 
164 1127 2692 
2123 1482 2795 
2032 598 1375 
2072 495 781 
248 682 456 
375 2917 2957 
2632 864 2473 
864 2123 2958 
491 1422 254 
389 2630 1829 
773 900 1141 
1141 1354 2685 
1564 2155 2849 
1169 2665 3050 
456 1565 627 
329 1934 773 
1795 1292 1838 
2709 2875 574 
2345 2830 2665 
644 1922 2540 
129 298 607 
424 781 1375 
130 382 625 
2213 2487 2966 
191 598 1354 
1838 164 1795 
1009 1948 2487 
1564 2155 412 
329 1934 627 
13 2447 1146 
1 671 2024 
329 472 627 
1422 2246 1188 
130 382 1242 
2274 1649 2540 
13 1146 3061 
1422 563 1188 
2436 2966 2213 
2011 2692 1880 
1009 2757 381 
2632 644 1922 
574 412 3002 
336 375 2917 
461 164 1795 
1475 164 2692 
1829 629 1874 
1169 2238 2665 
1155 2379 2602 
1948 2213 2487 
1922 2274 2540 
598 191 2032 
553 1354 2685 
2317 2460 600 
1132 42 300 
1292 1853 3100 
2460 1853 3100 
773 1813 1141 
1813 2685 1141 
1374 2345 2630 
1756 2511 2757 
1009 381 1948 
1649 629 1874 
2032 1375 424 
129 298 682 
1475 2011 2692 
2317 2460 1853 
1649 629 2858 
1132 630 3034 
671 1 856 
129 607 1913 
300 861 1281 
1374 2345 2830 
1354 191 553 
327 456 627 
2441 3012 519 
3012 1727 519 
736 1169 2436 
600 2795 388 
620 818 2024 
671 1411 856 
1411 856 3107 
3034 814 1529 
375 861 2957 
1155 2379 2875 
1220 1913 625 
42 300 1281 
2072 742 781 
656 995 2447 
2441 803 2849 
1188 916 2684 
2072 254 742 
327 472 627 
42 1132 630 
2238 2665 2830 
1475 164 461 
381 2511 2757 
3034 630 1529 
1169 736 2238 
72 336 375 
456 3004 682 
1188 563 2684 
620 818 1242 
2602 3022 2379 
422 625 130 
600 2317 388 
388 2123 2795 
2632 2855 864 
1220 422 625 
916 995 580 
456 3004 327 
260 781 742 
3022 2602 1756 
336 3061 72 
656 995 580 
2274 2858 1649 
1529 814 3107 
35 375 861 
1374 1986 2630 
260 781 424 
2875 538 574 
5 671 2024 
583 1727 1880 
583 1880 2011 
3022 2509 1756 
2509 1756 2511 
1986 2630 1829 
254 742 763 
329 773 1813 
2441 803 519 
2758 2849 1564 
818 5 2024 
13 656 2447 
818 1242 1181 
1795 1292 1853 
1220 1913 129 
1907 13 3061 
2317 1479 388 
2758 2849 803 
1422 254 763 
3061 72 1907 
1564 412 1382 
1529 155 3107 
1795 1654 1853 
1829 2641 629 
1829 1986 2641 
2870 42 630 
916 2684 580 
35 861 1012 
129 682 1919 
861 1012 1281 
2436 2213 3073 
1377 1813 2685 
1422 206 763 
191 732 2032 
155 3107 1411 
553 1377 2685 
329 1813 95 
130 1181 1242 
682 1919 3004 
3073 736 2436 
574 2852 412 
388 1253 2123 
2032 424 2915 
1422 563 1929 
1922 2632 2855 
1120 2875 2379 
583 1727 519 
864 2123 1983 
629 2869 2858 
2852 412 1382 
72 35 375 
864 1983 2855 
381 2492 1948 
42 2575 1281 
732 2032 2915 
472 329 2589 
2875 538 1120 
1795 243 461 
1253 2123 1983 
329 2589 95 
736 2181 2238 
574 2852 538 
2347 2379 3022 
410 1922 2855 
424 2915 260 
1422 206 1929 
2492 1948 2213 
958 191 553 
1374 1986 2719 
671 5 1411 
2162 2830 2238 
374 472 327 
243 1654 1795 
1872 2492 2213 
381 2892 2511 
1475 2983 2011 
2213 1872 3073 
138 13 656 
129 960 1919 
1181 2988 130 
1374 2162 2830 
2011 583 2983 
1012 1281 2575 
42 2575 2870 
1374 2719 2162 
1564 1382 2758 
1853 2526 2317 
583 519 2783 
1120 2347 2379 
2549 1922 2274 
138 1907 13 
1220 129 960 
2526 1479 2317 
1475 1567 461 
191 958 732 
563 1929 2684 
381 2892 2492 
712 5 1411 
2162 2238 2181 
65 2549 1922 
2274 2858 2549 
374 472 2589 
327 10 3004 
410 1922 65 
2511 2509 2892 
2988 130 422 
553 1377 958 
243 1567 461 
736 2953 2181 
511 1377 1813 
313 818 5 
138 289 656 
2988 422 896 
511 95 1813 
2652 3022 2509 
630 614 1529 
2852 2233 538 
311 630 2870 
10 3004 1919 
1475 2983 2365 
1031 260 742 
3073 736 2953 
311 630 614 
580 1464 2684 
415 1220 960 
1456 958 732 
803 519 2421 
2858 937 2549 
2365 1475 1567 
422 312 1220 
2858 937 2869 
313 818 1181 
629 2641 2869 
1654 1853 2526 
410 1983 2855 
2575 2117 2870 
2652 2347 3022 
1929 84 2684 
991 803 2758 
1197 3073 2953 
388 1253 1339 
327 10 374 
312 415 1220 
84 2684 1464 
1339 1479 388 
72 35 1340 
72 1907 768 
2127 35 1012 
1956 1654 2526 
289 580 656 
742 763 146 
684 732 2915 
454 1986 2641 
1382 2758 2833 
2641 267 2869 
102 1377 958 
1529 155 322 
1411 155 712 
1529 322 614 
35 1340 2127 
260 1031 2915 
2421 803 991 
519 2421 2783 
165 2509 2892 
763 146 206 
462 2127 1012 
538 2233 1120 
768 138 1907 
2645 1120 2347 
202 1382 2833 
583 1102 2983 
797 2492 2892 
1986 454 2719 
146 742 1031 
1197 3073 1872 
991 2833 2758 
422 896 312 
580 957 1464 
313 5 261 
454 2196 2719 
289 580 957 
165 2509 2652 
1012 462 2575 
102 1377 511 
295 2575 2117 
2117 2870 311 
684 732 1456 
2752 410 1983 
155 712 322 
2162 2181 2944 
72 1340 768 
5 261 712 
1294 2233 1120 
1253 1983 3001 
40 313 1181 
40 1181 2988 
295 462 2575 
2783 583 1102 
267 937 2869 
20 95 2589 
1339 1479 548 
893 10 1919 
206 1876 146 
2181 2944 2953 
202 1382 2852 
1567 2179 243 
206 1929 387 
1479 548 2526 
243 1654 1956 
1253 1339 3001 
548 2526 247 
1872 2492 2519 
10 1658 374 
1658 1138 374 
1669 2641 267 
1031 2915 684 
2645 1120 1294 
2492 797 2519 
1197 2953 2581 
1669 2641 454 
2589 374 20 
206 387 1876 
2719 2162 2196 
511 20 95 
511 2539 20 
134 2783 1102 
202 2621 2852 
243 1956 2997 
768 138 2212 
2179 243 2997 
2365 1567 2179 
1956 2526 247 
2162 2196 2551 
1031 684 1395 
2652 1212 2347 
261 712 1301 
1212 2347 2645 
1138 374 20 
1301 712 322 
2233 2852 2621 
1929 84 387 
313 261 346 
960 1919 159 
2365 2983 1102 
1919 159 893 
2988 896 154 
134 2783 2421 
2892 165 797 
2551 2162 2944 
2581 2944 2953 
10 1658 893 
2549 937 479 
1340 755 768 
40 346 313 
2652 1212 2691 
2230 2233 2621 
1983 3001 1014 
2365 3039 1102 
1983 1014 2752 
410 65 1419 
146 590 1031 
65 2549 1419 
958 899 102 
2117 2909 311 
2752 410 1419 
1456 958 899 
40 2988 154 
330 295 462 
159 415 960 
2519 1872 1197 
462 2127 669 
2707 165 2652 
2549 1419 479 
1294 2230 2233 
2481 2581 2944 
1456 1729 899 
312 1063 896 
70 102 511 
2365 3039 2179 
922 991 2421 
991 2833 2845 
289 138 460 
289 460 957 
2519 1988 1197 
138 460 2212 
134 1102 2929 
684 1457 1456 
1956 2086 2997 
2691 2652 2707 
70 511 2539 
134 2421 2591 
454 1772 2196 
1988 1197 2581 
548 1486 1339 
1729 1456 1457 
312 415 1063 
755 2212 768 
28 84 1464 
311 614 2909 
84 514 387 
1031 1395 590 
321 1301 322 
811 2117 295 
1486 3001 1339 
922 991 2845 
684 1457 1395 
614 1336 2909 
811 2117 2909 
2833 2845 202 
462 330 669 
28 957 1464 
2519 2522 797 
2267 2645 1294 
1604 267 937 
34 1340 2127 
479 1604 937 
797 165 1424 
614 67 322 
28 84 514 
165 1424 2707 
2042 2752 1419 
614 1336 67 
2522 797 1424 
1295 1102 3039 
2421 2591 922 
355 20 1138 
669 34 2127 
811 295 330 
899 70 102 
154 1063 896 
415 1063 356 
159 415 356 
154 326 1063 
261 2124 1301 
454 2610 1669 
1295 1102 2929 
267 2739 1669 
247 2669 548 
2551 2481 2944 
2268 1486 3001 
454 1772 2610 
2086 247 1956 
1604 267 2739 
20 2227 2539 
1294 2267 2230 
2179 3039 578 
144 146 1876 
144 590 146 
247 1496 2669 
67 322 321 
3042 2230 2621 
2086 247 1496 
355 20 2227 
2267 2645 1212 
460 664 2212 
261 2124 346 
40 346 663 
3001 1014 2268 
2845 489 202 
893 1092 159 
2196 2551 2799 
2179 272 2997 
447 2621 202 
1014 2752 2042 
1417 70 2539 
1349 40 154 
1690 2519 1988 
2179 272 578 
548 1486 2669 
34 1340 755 
1251 957 460 
427 893 1658 
2196 1772 2799 
387 571 1876 
272 2997 2086 
957 1251 28 
663 1349 40 
2429 1988 2581 
1419 2432 479 
447 202 489 
2429 2481 2581 
1669 2610 2739 
2539 1417 2227 
154 326 1349 
447 2621 3042 
2929 134 1357 
2845 922 2797 
427 893 1092 
1736 2042 1014 
2551 2169 2481 
134 1357 2591 
118 2267 1212 
2267 2272 2230 
2086 1496 180 
1138 1658 427 
1138 427 1077 
346 663 2124 
2691 1791 2707 
571 1876 144 
2272 3042 2230 
664 755 2212 
514 387 571 
209 1301 2124 
355 1077 1138 
590 1351 1395 
34 100 755 
209 321 1301 
2519 2522 2825 
664 755 1893 
514 1852 571 
1351 1395 1457 
1791 2707 1424 
349 1419 2042 
539 2799 1772 
479 1604 2432 
349 1419 2432 
2551 2169 2799 
669 918 330 
1690 2519 2825 
669 918 34 
1729 476 1457 
2909 1336 3067 
2845 489 2797 
698 28 1251 
2522 2825 1424 
1295 3039 578 
2268 1736 1014 
356 1051 1063 
28 514 698 
2169 2429 2481 
2109 811 330 
2227 791 1417 
326 1063 873 
1613 1772 2610 
2883 159 356 
122 1212 118 
350 1729 476 
663 1228 2124 
2883 159 1092 
350 1729 899 
840 460 664 
100 1893 755 
1509 2429 1988 
1212 2691 122 
811 2909 1133 
1486 2669 857 
2909 1133 3067 
2929 1295 1357 
1988 1509 1690 
2392 1736 2268 
1351 1457 476 
2591 922 997 
922 997 2797 
840 460 1251 
1051 873 1063 
1604 2853 2432 
144 590 1351 
2268 1486 2587 
1486 2587 857 
514 1852 698 
918 2109 330 
934 1336 67 
326 1349 2670 
934 1336 3067 
811 1133 2109 
2697 489 2797 
342 918 2109 
321 2144 67 
70 76 1417 
326 873 2670 
1613 1772 539 
272 2337 2086 
2337 2086 180 
899 70 76 
829 899 76 
2691 122 1791 
225 1295 1357 
118 2267 2272 
356 1051 2883 
209 321 2144 
1000 1424 2825 
1496 180 2880 
209 2124 1228 
1148 2591 1357 
1148 2591 997 
1000 1424 1791 
1773 1295 578 
578 272 2071 
829 899 350 
2568 272 2071 
2227 355 440 
1034 144 571 
812 1604 2739 
857 1496 2669 
840 399 1251 
2880 857 1496 
67 934 2144 
257 2883 1092 
2227 440 791 
447 1026 489 
3042 2066 447 
118 2118 2272 
2535 2169 2429 
2078 349 2042 
1690 2631 2825 
1309 2144 209 
2169 2620 2799 
1298 1852 571 
1773 2071 578 
144 1351 1034 
3042 2066 2272 
2568 272 2337 
663 1349 2059 
539 2620 2799 
812 1604 2853 
1417 76 791 
2860 663 1228 
812 2739 2610 
489 1026 2697 
1736 2042 2078 
355 1077 440 
122 1467 1791 
812 1613 2610 
427 1622 1092 
2587 2268 2392 
229 698 1251 
663 2059 2860 
1893 46 664 
229 399 1251 
447 1026 2066 
34 100 2352 
257 1622 1092 
46 664 840 
34 918 2352 
1736 2078 2942 
812 1613 901 
997 2797 2697 
1773 1295 225 
365 2272 2066 
1852 2756 698 
1558 427 1077 
1558 427 1622 
2169 2620 1523 
1036 1351 1034 
453 1349 2670 
453 1349 2059 
2392 2942 1736 
371 100 1893 
1000 1791 2531 
209 1041 1228 
1351 476 1036 
1682 1690 1509 
1500 539 1613 
22 873 1051 
1467 1791 2531 
852 2587 2392 
857 1668 2587 
281 1133 2109 
1509 2429 2535 
1298 1852 2756 
342 281 2109 
1000 2825 2631 
2921 118 122 
743 76 791 
2432 2671 2853 
1036 169 1034 
2631 1682 1690 
2118 2921 118 
2352 1093 918 
2432 2671 349 
1034 571 1298 
2535 1523 2169 
1425 2337 180 
365 2272 2118 
440 791 1075 
180 1425 2880 
229 2756 698 
22 873 2361 
873 2361 2670 
209 1041 1309 
3067 555 1133 
385 476 1036 
934 3067 555 
1077 2726 440 
350 411 829 
934 2144 143 
1357 2924 1148 
100 2352 371 
1077 432 2726 
2671 349 2676 
225 1357 2924 
2388 812 2853 
2078 349 2676 
1051 935 2883 
411 350 476 
1893 46 371 
2066 2672 1026 
1051 22 935 
2880 227 857 
934 143 555 
840 399 3037 
1256 539 2620 
791 1075 743 
207 1773 225 
1077 432 1558 
227 857 1668 
901 1500 1613 
453 2361 2670 
257 935 2883 
227 1425 2880 
2813 1668 2587 
342 918 1093 
1034 478 1298 
229 1154 2756 
1509 2034 2535 
1309 2144 717 
2034 1509 1682 
539 1256 1500 
2144 717 143 
2813 852 2587 
1000 2249 2631 
2853 2388 2671 
122 1467 2921 
2289 2697 997 
207 2782 225 
342 1178 1093 
1224 2071 1773 
1034 478 169 
967 1228 2860 
967 1041 1228 
1224 2071 2568 
1041 1309 2600 
476 411 1396 
385 1396 476 
445 2337 2568 
281 965 1133 
610 2059 2860 
1026 2289 2697 
2631 2653 1682 
225 2924 2782 
1148 1844 2924 
812 1818 901 
2507 2756 1298 
1622 471 1558 
997 2583 1148 
2531 2686 1000 
445 1425 2337 
229 399 3037 
22 284 2361 
3037 840 46 
2392 2942 852 
661 411 829 
2686 1000 2249 
965 1133 555 
3037 1430 46 
2583 1148 1844 
1057 2059 453 
2620 1256 1523 
2778 1256 1523 
997 2583 2289 
2055 2078 2676 
1668 2677 227 
365 1995 2118 
342 281 1178 
1622 257 1291 
229 2497 3037 
362 1026 2289 
478 1298 1898 
967 610 2860 
1305 2942 852 
440 1075 2726 
812 1818 2388 
1944 453 2361 
2631 2653 2249 
1224 2292 2568 
371 2352 426 
362 1026 2672 
717 2600 1309 
1523 984 2535 
365 2066 2672 
46 1015 371 
257 935 1755 
829 76 216 
1093 2817 2352 
1898 1298 2507 
1668 2677 2813 
1057 610 2059 
3005 76 743 
913 1467 2921 
1154 2507 2756 
829 216 661 
1129 1682 2653 
2568 445 2292 
2055 2078 2942 
257 1291 1755 
1500 901 2790 
1622 471 1291 
3005 76 216 
485 2676 2671 
229 2497 1154 
2352 2817 426 
1773 207 2039 
1773 1224 2039 
901 2790 1818 
1305 1928 852 
1129 1682 2034 
2034 984 2535 
371 426 1015 
22 284 935 
1928 2813 852 
1944 453 1057 
1305 2055 2942 
3068 1256 1500 
2323 281 1178 
913 1467 2531 
1944 2361 284 
2431 365 2672 
2055 2494 2676 
2040 2118 2921 
1430 46 1015 
967 1041 2600 
2323 281 965 
996 2677 2813 
143 474 555 
913 2040 2921 
1995 2040 2118 
432 2406 1558 
24 169 1036 
485 2494 2676 
249 1075 2726 
2406 1558 471 
1523 984 2778 
24 1036 385 
913 2531 2686 
1500 2790 3068 
967 2259 2600 
1075 1112 743 
227 1425 1595 
743 1112 3005 
47 1305 2055 
2908 2388 2671 
284 935 79 
365 1995 2431 
143 474 717 
1137 445 2292 
1154 1754 2507 
2782 2924 543 
1538 2497 3037 
432 2726 2746 
227 566 2677 
2358 555 965 
485 2908 2671 
1526 2782 207 
1019 1256 3068 
2388 1818 2462 
913 2686 2824 
3037 1430 1538 
3108 411 661 
1019 1256 2778 
79 935 1755 
3108 411 1396 
1526 2782 543 
717 2600 1975 
474 956 717 
543 1844 2924 
445 1425 1595 
227 566 1595 
555 474 2358 
1928 1107 2813 
702 385 1396 
2908 2388 2462 
1107 2813 996 
2672 2431 362 
432 2406 2746 
1235 984 2034 
2497 291 1154 
1057 1944 542 
1057 610 1257 
2000 2790 1818 
207 2039 1526 
702 24 385 
996 1005 2677 
2726 2746 249 
967 610 1257 
566 1005 2677 
79 284 1989 
291 1154 1754 
1075 1428 249 
1075 1112 1428 
1944 1989 284 
1176 1224 2039 
471 1291 1239 
1522 1995 2040 
2583 1510 2289 
2249 358 2686 
1178 1093 193 
1093 2817 193 
1975 956 717 
1166 1944 1989 
2292 1176 1224 
2457 984 2778 
505 2358 965 
1818 2462 2000 
1067 2790 3068 
147 478 1898 
147 169 478 
1291 1755 2082 
2259 2600 1975 
965 505 2323 
1305 1928 1115 
1844 2171 543 
543 1844 2171 
845 1898 2507 
1129 2034 1235 
1057 1266 542 
2171 2583 1844 
692 3108 1396 
1088 445 1595 
1088 1137 445 
24 147 169 
2778 1019 2457 
913 1495 2824 
1995 2898 2431 
1057 1257 1266 
230 1178 2323 
2055 2255 2494 
542 1166 1944 
244 79 1755 
2658 967 1257 
845 1754 2507 
2931 362 2289 
2931 1510 2289 
1430 1015 1497 
566 1595 2879 
1239 2406 471 
2249 2623 2653 
1291 2082 1239 
358 2686 2824 
291 1538 2497 
426 1452 1015 
426 1452 2817 
2055 47 1326 
2249 358 2623 
1326 2055 2255 
1430 1497 1538 
230 1178 193 
2171 2583 1510 
1928 1107 1115 
913 2040 2478 
661 1150 216 
1396 692 702 
661 1150 3108 
2730 996 1107 
3092 485 2908 
2431 917 362 
2658 967 2259 
88 1989 79 
1995 2898 1522 
792 2746 249 
2292 2865 1176 
1305 2277 1115 
1762 996 1005 
1595 2592 2879 
79 1528 88 
244 79 1528 
1129 2653 2623 
47 1305 2277 
1762 2730 996 
485 2255 2494 
1522 2040 2478 
984 2971 2457 
1755 2082 244 
1497 1538 2149 
1495 913 2478 
121 845 1754 
2658 1621 2259 
485 2255 3092 
1067 2000 2790 
1350 474 2358 
216 923 3005 
1947 1137 2292 
216 923 1150 
193 1452 2817 
2626 1129 1235 
474 956 1350 
1989 2081 1166 
566 2699 1005 
2433 24 147 
1947 2292 2865 
2956 1239 2406 
1235 984 2971 
2406 1177 2746 
1088 1595 2592 
291 1538 2149 
1005 1762 2699 
88 1989 2081 
2931 362 917 
3005 923 1112 
24 702 1062 
1434 1497 1015 
1434 1015 1452 
1947 1088 1137 
2288 2431 2898 
1526 2039 2802 
854 1107 2730 
845 1898 147 
2626 1129 2623 
1177 2956 2406 
1019 186 2457 
566 91 2699 
1176 2702 2039 
854 1107 1115 
566 91 2879 
543 1526 2051 
121 291 1754 
2157 2462 2908 
2431 917 2288 
47 1326 2357 
193 1452 2777 
2039 2702 2802 
543 2051 2171 
1053 1975 2259 
1266 1619 542 
1257 1266 162 
1019 1067 3068 
1053 1621 2259 
1266 2769 1619 
230 505 2323 
2000 2461 2462 
230 193 1437 
1619 542 1166 
1112 1428 923 
47 2277 2357 
24 1062 2433 
1428 249 792 
2082 244 1017 
2802 1526 2051 
3074 230 505 
792 2746 1177 
2908 2157 3092 
139 854 1115 
1067 2000 2461 
244 360 1528 
1088 2565 2592 
702 1062 692 
88 1528 2598 
2422 1495 2824 
944 1510 2171 
186 1019 1067 
1266 2769 162 
845 147 2296 
2149 291 1321 
888 1166 2081 
505 568 2358 
1286 2971 2457 
1762 2237 2699 
1067 2461 2723 
360 1528 2598 
1142 1428 792 
358 2422 2824 
2461 2462 2157 
162 2658 1257 
91 1547 2699 
186 1067 2723 
942 2898 1522 
1619 888 1166 
2318 1235 2971 
83 1239 2082 
457 291 121 
360 2940 244 
1115 139 2277 
2592 2879 235 
568 2358 1350 
2237 1547 2699 
244 2940 1017 
83 1017 2082 
1286 2457 186 
692 1908 3108 
1343 1762 2730 
455 2598 88 
2478 2650 1522 
1510 2595 2931 
358 2623 2803 
1497 63 2149 
2730 854 1343 
1799 1762 2237 
505 568 3074 
1326 2255 2140 
457 291 1321 
944 1510 2595 
1343 1799 1762 
2433 147 2296 
358 2803 2422 
708 1975 1053 
2318 1235 2626 
455 88 2081 
235 2879 91 
2140 3092 2255 
1176 2579 2865 
956 708 1975 
455 1431 2081 
1908 3108 1150 
1495 2478 2543 
2956 83 1239 
1176 2579 2702 
792 1177 2269 
1958 2157 3092 
2658 1621 1407 
942 2898 2288 
1431 888 2081 
1947 2565 1088 
235 1574 91 
2565 2592 2021 
1062 1908 692 
854 2607 1343 
2771 2461 2723 
2592 235 2021 
121 845 205 
875 2626 2623 
1434 1497 63 
982 1434 1452 
1574 91 1547 
927 1350 956 
1452 2777 982 
2543 1495 2422 
1177 2269 2183 
3007 139 2277 
139 854 2607 
1904 162 2658 
1117 3074 230 
648 1908 1150 
956 927 983 
2433 2566 1062 
455 2598 624 
1326 2357 3015 
1522 942 2650 
923 1646 1428 
193 1437 2777 
956 708 983 
1150 923 1653 
1947 2865 2353 
2237 1547 1878 
1142 2269 792 
1017 2395 2940 
624 360 2598 
568 927 1350 
845 2296 205 
1321 63 2149 
2661 2802 2702 
2140 3092 1958 
567 1646 1428 
3007 2277 2357 
162 924 2769 
1117 230 1437 
1431 888 2744 
2478 2543 2650 
369 1947 2565 
2433 911 2296 
360 1561 2940 
1619 1348 2769 
1286 2971 2318 
1574 1547 1684 
888 1468 1619 
152 3007 139 
2865 2579 2353 
1142 1428 567 
1326 3015 2140 
1547 1684 1878 
235 2976 1574 
2237 1799 2417 
455 624 1232 
624 1232 1481 
1653 648 1150 
139 3010 2607 
121 205 457 
2171 2051 2796 
2237 1878 2417 
1177 2956 2183 
917 1609 2931 
1431 153 455 
875 2623 2803 
269 1434 63 
153 455 1232 
1179 1437 2777 
1609 2595 2931 
2171 944 2796 
875 1231 2626 
1684 1878 2437 
1904 2658 1407 
1232 1136 2437 
153 1232 2437 
2450 2461 2157 
2956 446 2183 
1684 1136 2437 
1053 1407 1621 
153 1431 2744 
153 1539 2437 
2140 2725 1958 
369 1947 2353 
624 360 1060 
1878 2437 2417 
186 2723 2239 
1539 2417 2437 
1348 1468 1619 
360 1060 1561 
2318 2977 2626 
1136 1232 1338 
1481 1232 1338 
2514 235 2976 
153 301 2744 
152 139 3010 
2956 83 446 
924 2769 1348 
1561 2940 2395 
933 2296 205 
1684 1574 2218 
1017 83 3065 
1468 2744 888 
1799 2996 2417 
1574 2976 2218 
982 269 1434 
2344 2357 3007 
911 2566 2433 
2480 1343 1799 
153 301 1539 
1136 1338 1684 
1904 162 924 
2650 942 3080 
2239 1286 186 
1908 111 1062 
1017 2395 3065 
2480 1799 2996 
923 1646 1653 
174 2288 917 
2344 3015 2357 
111 1062 2566 
2642 2803 2422 
1539 2417 2996 
2051 2538 2802 
2753 3015 2140 
2480 1343 2607 
2051 2538 2796 
2626 1231 2977 
2514 235 2021 
2723 2871 2239 
2218 1114 1684 
1338 1114 1684 
1958 2157 2450 
911 933 2296 
2910 944 2595 
1539 2996 1282 
2543 2650 3011 
2565 369 2021 
917 1609 174 
2579 2702 2661 
301 1539 1282 
1060 624 1481 
1142 2269 2158 
1600 1908 111 
1481 1338 2203 
2160 942 2288 
568 82 927 
944 1812 2796 
1958 2450 2912 
2661 2802 2538 
446 1195 83 
1468 1348 2954 
1338 1114 2203 
1060 184 1481 
1468 2013 2744 
184 1481 2203 
2461 1391 2450 
2160 174 2288 
1391 2771 2461 
1505 205 457 
2514 2021 2041 
530 2269 2183 
1321 63 245 
63 245 269 
1114 1335 2218 
2422 2721 2642 
369 2021 3030 
2777 982 1179 
2231 2579 2661 
1335 2218 2976 
2422 2721 2543 
2607 293 3010 
1561 2395 1776 
1600 1908 648 
2607 293 2480 
2160 942 3080 
137 1437 1179 
2013 2744 301 
735 152 3007 
2140 2725 2753 
137 1437 1117 
2239 1028 1286 
3011 2650 3080 
82 568 3074 
3065 1195 83 
1117 3074 428 
2514 1335 2976 
127 1321 245 
1407 1053 1519 
530 2269 2158 
1216 2723 2771 
1216 2723 2871 
1468 2013 2954 
293 2215 2480 
1282 3087 301 
875 2803 3021 
1958 2912 2725 
357 3065 2395 
127 1321 457 
127 457 1505 
1812 2910 944 
2642 2803 3021 
735 2344 3007 
2996 1282 2480 
152 2559 3010 
1060 1561 1776 
623 1407 1904 
2021 2041 3030 
1028 2318 1286 
104 1282 2480 
3074 82 428 
1060 184 1776 
708 983 3049 
2595 1609 2910 
924 2655 1348 
933 2178 205 
357 1776 2395 
982 269 2216 
1297 708 1053 
1904 924 1436 
301 2013 3087 
2013 3087 841 
2954 549 1348 
104 1282 3087 
184 2156 2203 
549 2655 1348 
1297 1519 1053 
293 3010 2559 
622 2543 3011 
828 911 2566 
2353 2416 369 
2219 2318 2977 
1573 623 1904 
2219 1028 2318 
2543 622 2721 
2158 567 1142 
2158 567 1258 
623 1407 1519 
184 2211 1776 
735 2559 152 
1114 1335 1985 
1114 2156 2203 
924 1436 2655 
369 2416 3030 
1114 1985 2156 
927 983 1414 
887 2183 446 
1335 2973 2514 
875 1231 3021 
480 911 933 
708 1297 3049 
1198 2579 2353 
1391 2771 1216 
205 1505 2178 
1198 2231 2579 
927 1414 82 
1609 2506 2910 
1331 1653 1646 
982 36 1179 
1180 2450 2912 
184 2156 2211 
2215 2663 2480 
933 480 2178 
2663 104 2480 
1331 1653 648 
137 428 1117 
1436 1573 1904 
480 828 911 
1219 1812 2796 
828 2566 111 
887 530 2183 
2872 2353 2416 
1335 1985 2973 
315 2912 2725 
733 2344 3015 
2490 3011 3080 
2514 2041 2973 
245 2216 269 
2657 2753 2725 
1198 2872 2353 
982 36 2216 
174 2614 1609 
2416 1626 3030 
2657 2725 315 
733 2753 3015 
1231 1841 3021 
1391 2864 2450 
446 1195 1472 
1219 2538 2796 
2482 1331 1646 
1600 648 816 
1646 567 2482 
357 3065 716 
2661 2231 2538 
3065 716 1195 
446 1472 887 
567 1258 2482 
1463 104 3087 
2062 2954 2013 
137 1179 36 
716 1195 3044 
1180 2450 2864 
1563 841 2013 
2344 733 735 
1563 2062 2013 
2490 3011 470 
1812 1935 2910 
3080 2160 2490 
470 622 3011 
2041 3030 3031 
126 1258 2158 
307 2239 2871 
549 2062 2954 
1231 1841 2977 
983 1414 3049 
1463 841 3087 
3044 1195 1472 
1391 2718 1216 
637 1505 2178 
733 1304 2753 
1463 104 2663 
127 637 1505 
1667 2160 174 
1935 2910 2506 
648 1331 816 
735 2559 2307 
2041 2973 3031 
2158 126 530 
307 2239 1028 
2506 1609 2614 
245 484 2216 
733 2307 735 
1626 3031 3030 
2279 2721 622 
2888 1841 2977 
3021 2648 2642 
293 2137 2215 
82 428 668 
1304 2657 2753 
2648 2721 2642 
36 482 2216 
530 887 1254 
82 668 1414 
2279 2648 2721 
2538 2231 2563 
3031 2973 208 
1463 841 2946 
2137 2559 293 
484 127 245 
111 816 1600 
2888 2219 2977 
315 2912 1180 
120 3049 1297 
3051 1985 2973 
120 1414 3049 
1776 2224 2211 
1254 126 530 
174 2614 1667 
675 2156 1985 
1028 2343 307 
1776 357 1027 
1219 2498 2538 
2219 1028 2343 
2559 2938 2307 
2399 2871 1216 
2798 549 2655 
841 2946 1563 
2211 675 2156 
2137 2938 2559 
137 214 428 
208 3051 2973 
668 2220 1414 
560 828 111 
1391 2718 2864 
1258 1863 2482 
1418 1436 2655 
1776 2224 1027 
762 2215 2663 
2563 2498 2538 
716 357 1027 
2798 549 2062 
1667 2160 2490 
675 3051 1985 
111 816 560 
2211 402 675 
623 1519 2443 
1573 623 1460 
2399 2871 307 
127 637 1313 
526 2872 2416 
2211 402 2224 
2663 762 1463 
762 2137 2215 
637 2178 782 
315 1180 2304 
428 646 668 
2416 526 1626 
2399 1216 2718 
1313 484 127 
1984 470 622 
3021 1841 2648 
623 1460 2443 
1781 2231 2563 
2798 1418 2655 
1812 1935 1219 
2798 256 2062 
137 214 36 
1297 1519 2443 
1563 2062 2624 
214 428 646 
482 484 2216 
1984 622 2279 
1331 252 2482 
126 1258 1802 
948 480 828 
1626 3031 2410 
2937 315 2657 
214 783 36 
2178 480 948 
1573 564 1436 
2506 2614 2367 
2231 1198 1781 
2657 1304 2937 
564 1418 1436 
1258 1802 1863 
2301 208 3031 
2178 782 948 
1198 2834 2872 
2414 1667 2490 
1313 3094 484 
930 1935 1219 
2506 2367 1935 
617 2367 1935 
1841 2556 2648 
2490 470 2414 
1672 2414 1667 
930 617 1935 
2864 1680 1180 
2624 256 2062 
2946 1563 2624 
526 1626 2035 
1679 560 828 
36 482 783 
3044 1472 48 
2301 2410 3031 
716 3044 1924 
1180 2304 1680 
762 2946 1463 
1082 1198 1781 
2307 1303 2938 
470 1984 2414 
315 1204 2304 
1182 2219 2343 
887 1472 2190 
733 2307 2025 
2937 315 1204 
1297 304 120 
526 2872 2834 
1680 2718 2864 
482 484 1847 
1082 1198 2834 
1219 2498 930 
252 816 1331 
1573 564 1460 
2410 1626 2035 
1297 2443 304 
527 252 2482 
1254 2190 887 
2946 1278 2624 
3044 48 1924 
948 1679 828 
2219 2615 2888 
733 1304 2025 
2343 2787 307 
2698 762 2946 
449 252 816 
2307 1303 2025 
619 2614 1667 
1182 2219 2615 
1254 2190 2687 
126 1802 1254 
1680 1406 2718 
120 1234 1414 
675 1384 3051 
1027 716 2555 
716 1924 2555 
2482 527 1863 
2137 2938 2049 
2279 2334 2648 
1234 2220 1414 
846 2798 1418 
762 2137 1962 
208 1384 3051 
774 2443 304 
2334 1984 2279 
637 782 1313 
2698 1278 2946 
1406 2399 2718 
1841 2888 2556 
2137 1962 2049 
532 564 1460 
2787 307 2399 
2586 402 675 
816 449 560 
1667 619 1672 
3077 646 668 
2673 2888 2556 
619 2614 2367 
526 767 2834 
619 2766 2367 
2343 2787 1182 
484 1847 3094 
2498 2829 2563 
1234 1728 2220 
208 1384 2301 
2045 1027 2555 
1802 1863 299 
256 846 2798 
668 2220 3077 
1764 2937 1304 
1384 2301 2930 
1768 482 783 
762 2698 1962 
1728 2220 3077 
507 948 1679 
2586 402 2224 
1719 782 1313 
48 1472 2190 
2556 2648 2334 
482 1847 1768 
2443 1460 2310 
767 2035 526 
1802 1254 810 
304 120 1234 
2728 782 948 
2045 1027 2224 
617 2367 939 
2586 675 1399 
1384 675 1399 
2025 1304 1764 
564 846 1418 
256 1113 2624 
1303 2049 2938 
94 214 783 
2673 2888 2615 
1406 632 2399 
256 1113 846 
449 1637 252 
827 1278 2624 
1460 2310 532 
94 214 646 
2563 1781 2829 
2687 1254 810 
560 2840 449 
299 527 1863 
1962 1405 2698 
2045 2111 2224 
2111 2586 2224 
774 2310 2443 
1204 2304 2558 
1781 1082 2500 
1764 2937 2998 
2937 1204 2998 
1984 2334 2308 
2728 782 1719 
1082 2596 2834 
810 1802 2816 
299 2816 1802 
827 1113 2624 
1632 2930 2301 
1680 2558 2304 
534 617 930 
166 783 94 
632 2787 2399 
94 594 646 
1768 166 783 
534 617 939 
564 846 450 
3077 594 646 
190 930 2498 
986 1313 3094 
190 2498 2829 
632 1325 2787 
416 1672 2414 
2766 939 2367 
986 1313 1719 
1984 2308 2414 
507 948 2728 
2035 2168 2410 
560 1679 2840 
1278 2248 2698 
2168 2301 2410 
252 527 1637 
1672 2715 619 
48 1824 1924 
48 2002 2190 
1632 2168 2301 
884 1764 2025 
299 527 1868 
1303 2025 2115 
532 564 2933 
416 2308 2414 
2596 2834 767 
564 450 2933 
2596 1082 2500 
2002 2190 2687 
1824 48 2002 
767 2035 2404 
190 930 534 
2749 2556 2334 
821 1847 3094 
2025 884 2115 
821 1847 1768 
1554 2596 767 
290 1303 2049 
2430 2930 1384 
1405 2248 2698 
1794 1962 1405 
1399 2430 1384 
2096 2615 1182 
2715 416 1672 
1182 2096 2787 
821 986 3094 
2096 2787 1325 
1794 1962 2049 
2035 2168 2404 
290 1303 2115 
1406 1680 2637 
2673 2629 2615 
2096 2615 2629 
2556 463 2673 
1399 2111 2586 
2766 939 2326 
846 450 1040 
810 3054 2687 
1680 1751 2558 
774 2310 2727 
1278 827 2248 
527 1210 1637 
2749 2556 463 
273 507 1679 
1751 1680 2637 
2829 2500 1781 
846 1040 1113 
1924 2170 2555 
1868 527 1210 
1824 1924 2170 
1234 1589 304 
2404 767 1554 
1679 2840 273 
939 534 2911 
1171 1719 2728 
493 507 2728 
347 1204 2558 
2308 2334 2749 
2002 2687 3054 
3077 766 1728 
1204 2998 347 
94 594 1439 
827 2248 977 
2168 2404 3099 
632 2637 1406 
2736 416 2308 
827 1113 1213 
2715 2766 619 
463 2673 2629 
694 2555 2045 
1580 2310 532 
774 304 987 
1040 1113 2916 
1059 2045 2111 
694 2555 2170 
1794 2049 290 
1325 3048 632 
774 2727 987 
304 987 1589 
1719 986 1171 
273 507 493 
1580 2933 532 
1728 2649 1234 
1728 2649 766 
883 2840 449 
694 1059 2045 
449 883 1637 
810 376 2816 
166 1439 94 
2911 939 2326 
1632 2930 210 
594 766 3077 
1912 2715 2766 
2518 2829 2500 
190 2700 2829 
1814 299 1868 
2916 1213 1113 
2430 2930 210 
299 2816 1814 
1632 2168 210 
827 1213 977 
1839 883 1637 
1912 2326 2766 
757 821 1768 
1764 2998 1370 
190 534 2711 
2518 2700 2829 
1405 1794 2084 
2728 1171 493 
1234 1589 2649 
1580 2310 2727 
1210 1637 1839 
725 1764 884 
1399 3000 2111 
780 2500 2596 
3103 1399 2430 
1157 1399 3000 
725 1764 1370 
1157 3103 1399 
757 1768 166 
810 3054 376 
192 757 166 
603 821 986 
2518 780 2500 
885 1580 2933 
1288 1824 2002 
2982 2096 1325 
2423 780 2596 
632 2240 2637 
986 606 1171 
534 2711 2911 
1405 2248 2243 
376 2816 1814 
1122 2308 2749 
2248 587 977 
3000 1059 2111 
273 883 2840 
347 2558 1751 
1122 2308 2736 
3048 2240 632 
417 2982 1325 
2096 2504 2629 
1405 2084 2243 
1370 347 2998 
347 2882 1751 
417 1325 3048 
166 1439 192 
2096 2504 2982 
884 2115 2979 
594 766 843 
594 843 1439 
2470 463 2749 
1749 1554 2404 
821 603 757 
603 606 986 
725 884 2979 
1554 2596 2423 
450 2933 885 
2404 3099 1749 
416 2715 2736 
1288 1824 2170 
190 2700 2711 
2168 2325 210 
1288 2843 2002 
2843 3054 2002 
587 2243 2248 
210 2271 2430 
273 493 3041 
450 1040 131 
2326 2895 2911 
3099 2168 2325 
2504 2629 463 
2715 1912 1602 
2271 3103 2430 
1602 2715 2736 
450 885 131 
2895 1912 2326 
2749 2470 1122 
1656 2843 3054 
1706 1794 290 
2727 987 1245 
376 1656 3054 
2711 1447 2911 
2079 2711 2700 
2084 1706 1794 
1059 343 694 
1068 1171 493 
1580 2727 1245 
463 2504 1021 
273 401 883 
1814 1868 1210 
1068 493 3041 
1080 1439 192 
273 401 3041 
1814 1210 2939 
1447 2895 2911 
1602 2736 906 
2115 290 2311 
1058 2170 694 
843 1080 1439 
587 977 639 
1248 2637 1751 
1068 1171 606 
73 401 883 
2115 2311 2979 
883 73 1839 
1213 1645 2916 
2470 463 1021 
1213 977 3064 
1537 2423 1554 
1537 1554 1749 
1839 1210 1743 
766 994 2649 
1589 2649 1001 
347 1370 3096 
1706 2439 290 
1210 1743 2939 
1040 2916 131 
1248 2240 2637 
1814 376 468 
343 1058 694 
751 2271 3103 
639 977 3064 
290 2439 2311 
347 2882 3096 
2325 210 2271 
1593 987 1589 
253 3000 1059 
1122 2736 906 
1749 688 3099 
3099 2325 688 
1058 1288 2170 
136 885 1580 
1213 1645 3064 
136 1245 1580 
1059 253 343 
376 468 848 
722 1068 606 
1080 2885 192 
376 848 1656 
1433 192 757 
1447 2079 2711 
136 558 885 
1645 131 2916 
843 654 766 
994 654 766 
1593 987 1245 
1122 2767 906 
1726 2982 2504 
1593 1001 1589 
606 603 1222 
2079 2530 2700 
757 1433 603 
1248 1751 2882 
1964 1370 3096 
1368 3048 2240 
994 1001 2649 
2837 1447 2079 
468 1814 2939 
1368 417 3048 
1912 1765 2895 
1765 1602 1912 
131 1135 1645 
2293 2084 2243 
2518 2530 2700 
73 1263 1839 
1021 1726 2504 
1263 1839 1743 
751 1157 3103 
2518 2646 780 
417 2982 1726 
131 558 885 
2646 780 2423 
2423 1537 1739 
1288 246 1058 
751 1157 2419 
1433 192 2885 
870 1706 2084 
417 2731 1726 
2293 870 2084 
1739 2646 2423 
718 1248 2882 
929 3000 1157 
2716 587 2243 
1370 1964 725 
2371 2470 1021 
1368 417 2731 
2107 2470 1122 
2325 2271 2456 
1222 1433 603 
397 848 1656 
929 2419 1157 
725 2044 2979 
2325 688 2456 
1068 3041 401 
606 722 1222 
253 929 3000 
1248 2240 3088 
2107 2767 1122 
2371 2107 2470 
2044 1964 725 
2895 308 1447 
718 3096 2882 
1656 2843 397 
1368 2240 3088 
639 1190 587 
2293 2716 2243 
308 1765 2895 
2716 587 1190 
1602 1905 906 
1288 1337 2843 
1938 2271 2456 
2975 1645 3064 
2843 397 2755 
343 90 253 
1288 1337 246 
2311 2609 2439 
688 1537 1749 
925 401 73 
1080 1084 2885 
1021 1726 2298 
1035 688 1537 
751 1938 2271 
308 1447 2837 
2837 2079 2530 
1263 73 925 
718 1248 2135 
2044 2311 2979 
2234 2518 2646 
1337 2843 2755 
1602 1765 1905 
2234 2518 2530 
1739 721 1537 
1021 2298 2371 
246 2223 1058 
1016 2939 468 
994 1001 2962 
1058 343 2223 
654 843 1080 
751 1938 2828 
751 2419 2828 
1068 25 401 
1248 3088 2135 
1016 1743 2939 
654 1080 1084 
1135 2975 1645 
1001 2962 1593 
722 1068 25 
136 951 1245 
639 3064 1049 
1049 2975 3064 
2044 2311 331 
1593 1103 1245 
1103 2962 1593 
558 1152 131 
906 1905 2767 
343 90 2223 
131 1135 2134 
951 1103 1245 
1152 2134 131 
2885 588 1433 
2688 1726 2731 
468 848 1634 
994 1592 2962 
1222 588 1433 
1035 1537 721 
1726 2298 2688 
994 1592 654 
1049 639 1190 
1084 2885 588 
308 2400 2837 
233 397 848 
25 925 401 
2311 2609 331 
722 1222 49 
136 558 3058 
90 2223 2846 
718 3096 1611 
1706 2439 2076 
1918 253 929 
2731 1368 3029 
1918 90 253 
2837 2530 2741 
2767 2107 1264 
233 848 1634 
1765 308 2815 
2688 3029 2731 
3096 1611 1964 
136 3058 951 
1905 2767 1264 
1739 2646 1209 
531 1263 1743 
531 1016 1743 
870 1706 2076 
2234 2530 2947 
397 1657 2755 
2609 2439 2076 
1135 2975 2542 
1578 688 2456 
1964 2088 2044 
25 2934 925 
1016 468 1634 
654 286 1084 
1483 1611 1964 
1765 1905 2195 
3028 25 722 
3028 49 722 
2884 925 1263 
1222 49 588 
1765 2195 2815 
558 3058 1152 
2530 2947 2741 
2400 2741 2837 
2107 2371 2577 
2298 2371 2577 
531 1263 2884 
1905 2536 1264 
688 1035 1578 
1578 1938 2456 
1483 2088 1964 
721 1739 1209 
2298 2529 2688 
1172 1368 3088 
233 397 1657 
1172 1368 3029 
1084 588 1247 
1049 1190 1603 
2529 2298 2577 
870 1199 2293 
1103 1410 2962 
2542 2134 1135 
2135 2420 718 
1190 1757 2716 
1905 2195 2536 
2107 1264 2577 
2815 2400 308 
1938 2828 2919 
1049 2105 2975 
1016 1634 2376 
1209 2234 2646 
929 2419 1851 
2105 2542 2975 
1851 2828 2419 
1603 1757 1190 
1199 2293 2716 
286 654 1592 
1337 2755 3089 
331 2044 2499 
2420 1611 718 
2376 1016 2346 
1410 1592 2962 
1247 286 1084 
951 1103 3101 
1851 1918 929 
2044 2499 2088 
2346 531 1016 
2815 2400 2990 
1199 2076 870 
2546 2135 3088 
2546 1172 3088 
925 2884 2934 
1657 2755 3089 
90 2464 2846 
2688 3029 1909 
49 613 588 
222 286 1592 
1851 2085 2828 
246 825 1337 
1918 90 2464 
1103 1410 3101 
246 825 2223 
2597 721 1209 
1578 1938 2919 
2828 2919 2085 
2546 2135 2420 
2234 1209 2093 
721 1035 2597 
825 3089 1337 
1199 1757 2716 
1247 588 613 
25 985 3028 
49 1715 3028 
1587 1578 1035 
2076 1560 2609 
331 1560 2609 
1603 1049 2105 
537 951 3058 
25 985 2934 
1909 1172 3029 
49 1715 613 
1247 3075 286 
1578 1945 2919 
2688 1909 2529 
1037 2846 2223 
1909 2529 2521 
1850 2934 2884 
2547 2947 2741 
1152 537 3058 
1152 2134 2978 
825 1037 2223 
2093 2947 2234 
1264 2577 451 
233 1634 2283 
638 2542 2134 
871 2195 2815 
1850 1201 2884 
222 1592 1410 
1634 2283 2376 
1918 1388 2464 
2536 3053 2195 
2521 2529 2577 
2884 531 1201 
1364 3101 951 
1035 2245 2597 
1993 2400 2741 
1199 1757 1312 
871 2990 2815 
1152 537 2644 
1993 2400 2990 
1483 2088 1252 
451 2521 2577 
1364 537 951 
985 1850 2934 
3028 985 1715 
222 723 1410 
331 1560 878 
331 878 2499 
1007 2105 2542 
1152 2644 2978 
638 1007 2542 
2134 638 2978 
871 3053 2195 
2499 2088 2761 
1715 613 3070 
233 980 1657 
1264 2536 3053 
1252 1483 1611 
1603 1757 1029 
1587 1035 2245 
2420 1629 1611 
1264 3053 451 
2105 1603 1820 
980 1657 3089 
2346 531 1469 
2741 2547 1993 
1851 1918 2226 
1388 1918 2226 
1131 2076 1560 
1131 2076 1199 
2088 2761 1252 
233 980 2283 
1860 3101 1410 
1209 2597 2729 
613 1247 3075 
2093 2547 2947 
825 1963 3089 
1909 1172 1446 
531 1201 1469 
2089 2346 2376 
1172 1446 2546 
2093 1209 2120 
765 985 1715 
1252 1611 1629 
2445 2546 2420 
1851 2085 2226 
2662 3053 451 
2919 2085 2923 
1364 3101 1860 
286 1214 222 
286 1214 3075 
2089 2346 1469 
1715 765 3070 
980 1963 3089 
723 1860 1410 
1883 1909 2521 
2831 1945 1578 
1209 2120 2729 
1757 1312 1029 
2831 1587 1578 
1945 2919 2923 
1037 2846 2464 
3019 1037 2464 
1007 2105 1820 
2093 2547 1300 
1252 1562 1629 
1629 2445 2420 
1388 2226 3023 
980 1572 2283 
1131 1199 2580 
613 1931 3075 
1446 1883 1909 
2089 2283 2376 
1516 2089 2283 
613 1931 3070 
1883 451 2521 
242 985 1850 
1860 3006 1364 
1214 3075 1931 
1037 1769 825 
871 2477 2990 
537 2644 1953 
1993 2477 2990 
1530 1993 2547 
222 723 1381 
1214 222 1381 
985 242 765 
1199 1312 2580 
1835 1388 2464 
1029 1820 1603 
1175 1850 1201 
871 3053 2662 
1931 3070 966 
1440 2644 2978 
749 871 2662 
2499 2761 1353 
2445 2546 1446 
1835 3019 2464 
2085 2138 2226 
878 2499 1353 
2085 2138 2923 
537 1364 1953 
1963 980 2904 
2120 1300 2093 
1883 451 2402 
1820 1007 2862 
770 3023 2226 
871 2477 749 
3023 1388 1835 
2445 2448 1446 
1572 2283 1516 
2662 451 2402 
1175 1201 1469 
242 1175 1850 
3070 966 765 
1970 1945 2923 
2245 2729 2597 
723 1381 1860 
825 1963 2907 
1300 1530 2547 
1364 1953 961 
1469 1961 2089 
1440 2978 638 
2138 2226 770 
1440 1953 2644 
1553 638 1007 
2761 1353 1760 
961 3006 1364 
533 1381 1860 
1530 1993 2477 
1553 2862 1007 
2907 1769 825 
1629 2445 1273 
3019 1037 1769 
878 776 1560 
1440 2656 638 
1252 1760 2761 
1029 1820 2030 
2245 2250 1587 
1560 1131 1786 
1446 2008 1883 
1883 2818 2402 
3019 1769 2314 
1553 2656 638 
1252 1562 1760 
1312 2580 2147 
1963 2907 714 
2250 2831 1587 
776 1560 1786 
1516 1961 2089 
1530 2477 3078 
533 1860 3006 
1963 2904 714 
242 966 765 
2245 2640 2729 
2580 1131 1786 
1214 1790 1381 
2008 1883 2818 
1835 2881 3019 
1970 1945 2831 
3014 1214 1931 
2448 1446 2008 
2030 2862 1820 
1175 1469 1961 
1572 2904 980 
776 878 1353 
1870 2402 2662 
2245 2640 2250 
1029 2030 868 
1312 1029 868 
132 242 966 
1273 2445 2448 
1870 2662 749 
1273 1629 1562 
1931 966 3014 
1214 1790 3014 
2606 132 966 
770 2617 3023 
1572 2904 559 
1175 1961 1514 
966 2606 3014 
2120 2020 2729 
2020 2729 2640 
2923 1970 2138 
1937 2138 770 
2848 1300 1530 
1273 2541 1562 
1597 1937 2138 
396 533 3006 
1516 1352 1572 
1970 2502 2831 
1300 2120 2378 
749 2182 2477 
1937 770 2617 
1970 2138 2469 
1312 2147 868 
242 1175 2284 
1760 1562 2601 
3019 2314 2881 
533 1381 1790 
961 3006 396 
2477 3078 2182 
1562 2601 2541 
1731 2448 2008 
132 242 2284 
1572 1352 559 
1344 1835 3023 
2617 1344 3023 
1961 2762 1516 
1175 1514 2284 
2120 2020 2378 
2378 2848 1300 
2182 749 1870 
2848 1530 3078 
1597 2469 2138 
2402 2510 2818 
1352 2762 1516 
1557 1961 1514 
1961 2762 1557 
659 2606 3014 
1786 2580 2733 
1404 1440 2656 
2402 2510 1870 
1404 1440 1953 
776 2141 1786 
2502 2250 2831 
2147 1903 2580 
2656 1553 2571 
533 645 1790 
1404 1708 1953 
1731 2448 1273 
1708 961 1953 
1344 1835 2881 
1970 2502 2387 
2147 868 1444 
1597 1937 2336 
1597 2469 2821 
3078 2720 2848 
1903 2580 2733 
1731 1273 2199 
1769 879 2907 
3078 2182 2720 
2020 2640 2713 
1937 2336 2564 
1760 1353 2601 
2606 132 392 
2387 2469 1970 
2510 1870 2780 
2818 2008 2510 
1553 2862 672 
1553 2571 672 
2541 1273 2199 
3014 1790 659 
645 1790 659 
2030 2862 672 
2182 1870 2780 
659 2606 392 
132 392 2284 
592 645 659 
1353 776 1717 
1731 2008 2510 
559 2390 2904 
1140 1731 2510 
776 1717 2141 
1788 2720 2848 
1786 2141 3052 
1786 2733 3052 
1769 2314 2108 
714 2390 2904 
1769 879 2108 
868 1144 2030 
1652 2182 2780 
1708 961 396 
533 396 788 
533 645 788 
714 879 2907 
714 1233 2390 
2617 1937 2564 
1717 1353 2601 
1652 2182 2720 
1597 2336 3095 
2502 2250 2458 
1404 2571 2656 
2305 2314 2881 
2640 2250 3104 
2147 1444 1903 
2541 2590 2199 
197 2284 392 
2458 3104 2250 
2378 2020 2057 
477 2640 3104 
1708 1641 396 
2541 2590 2601 
714 879 1233 
1514 197 2284 
2713 477 2640 
1091 2378 2848 
2108 2305 2314 
1597 2821 3095 
2510 469 2780 
2617 1344 1994 
1140 1731 2199 
2336 851 3095 
1091 1788 2848 
1346 1514 1557 
1144 1420 2030 
1420 2030 672 
868 1444 1144 
2387 2469 2742 
2510 469 1140 
1514 197 1346 
915 1352 559 
659 392 592 
1717 2601 3033 
2617 1994 2564 
2713 2020 2057 
788 1641 396 
645 788 2603 
559 2390 915 
2097 2590 2601 
2564 2095 2336 
2762 1352 1809 
1809 1557 2762 
1344 2305 2881 
2469 2821 2742 
915 1352 1809 
1444 1144 2822 
2601 3033 2097 
1139 1140 2199 
1809 1346 1557 
1344 2305 2455 
592 2603 645 
844 2720 1788 
2057 1091 2378 
1404 2571 1183 
672 1577 2571 
844 2720 1652 
1139 2199 2496 
2571 1577 1183 
1404 1708 1183 
1641 1647 1708 
2387 2458 2502 
1708 1647 1183 
2199 2496 2590 
1903 1444 2706 
909 592 392 
1717 2141 3052 
849 1903 2706 
1903 2112 2733 
849 1903 2112 
672 1577 2794 
2387 1707 2742 
392 909 197 
2095 851 2336 
2112 2733 3052 
2780 1652 469 
1420 672 2794 
1279 1346 1809 
909 197 2465 
469 1140 1139 
592 2603 909 
1515 2821 2742 
197 2465 1346 
1270 3052 1717 
844 1091 1788 
2822 1444 2706 
844 1652 2428 
2455 1994 1344 
915 2003 2390 
1652 469 2428 
788 785 1641 
2387 1707 2458 
2713 2057 2299 
469 1139 2608 
2496 2972 2590 
3095 1515 2821 
1270 1717 2033 
2590 2097 2972 
2458 3104 2747 
879 2108 2159 
469 2608 2428 
1270 2112 3052 
1233 2003 2390 
788 1215 2603 
844 1091 2863 
788 785 1215 
2057 1091 2553 
1994 2564 2206 
477 2713 2299 
2603 909 1215 
1144 2822 1045 
1144 1420 1045 
3033 1717 2033 
1888 2496 1139 
1809 2080 915 
2683 2465 1346 
3095 1515 2495 
2553 1091 2863 
2095 2751 851 
1279 1346 2683 
2108 2305 2489 
879 2159 1233 
851 3095 2495 
2564 2095 1318 
1888 2496 2972 
785 1641 1647 
2455 1994 2472 
1279 2080 1809 
2889 1183 1647 
3033 2033 2533 
1546 909 1215 
2564 2206 1318 
1427 477 3104 
1955 2057 2299 
1420 2678 2794 
1183 1577 2889 
2159 1233 1493 
2057 1955 2553 
1427 2747 3104 
785 1647 2708 
2608 1139 1888 
844 2863 2428 
477 1427 2299 
2097 2533 3033 
1233 2003 1718 
1707 2569 2458 
1577 2794 676 
540 1647 2708 
2465 889 909 
2080 915 2003 
2889 540 1647 
2465 889 2683 
2305 2455 2489 
1577 1688 2889 
2206 1994 2472 
1420 2678 1045 
1233 1718 1493 
2863 2428 1206 
2097 2533 2972 
889 909 1546 
2706 2822 1700 
2608 2868 1888 
2080 2331 2003 
676 1577 1688 
2794 676 2678 
2489 2159 2108 
1888 2972 2285 
1045 2822 1700 
2486 2112 849 
2569 2747 2458 
1270 1996 2112 
2486 1996 2112 
2863 2553 2651 
2095 2751 1318 
2533 2972 1965 
189 1515 2742 
2972 1965 2285 
849 1700 2706 
189 1707 2742 
1206 2428 2608 
1996 2033 1270 
1206 2608 2868 
1215 1104 785 
2033 2533 2809 
2868 2285 1888 
1104 785 2708 
1279 1617 2080 
1279 1617 2683 
2495 851 2751 
1215 1104 1546 
2486 849 1700 
2651 1206 2863 
2015 1515 2495 
2553 2651 1955 
1718 2003 2331 
1718 2331 2116 
2489 1207 2455 
1207 2472 2455 
677 1427 2299 
889 2683 1617 
2033 1996 2809 
2015 189 1515 
2533 2809 1965 
1206 2053 2868 
2651 1206 2257 
2159 2225 2489 
2486 1223 1700 
189 1707 2569 
1955 2299 1900 
1079 2868 2285 
2113 2080 2331 
1617 2113 2080 
408 1318 2751 
2569 2747 2550 
1996 2809 1435 
408 2495 2751 
540 2889 1688 
677 2299 1900 
1104 889 1546 
1427 2747 2550 
2342 1955 2651 
1045 2327 2678 
2285 1079 1965 
386 1104 889 
1079 2868 2053 
1427 2440 2550 
2053 1206 2257 
1045 1700 2327 
2225 2489 1843 
540 1688 2394 
1996 3017 2486 
1797 676 2678 
2342 303 1955 
386 889 1617 
2342 2257 2651 
1700 2327 2382 
1688 1797 676 
303 1900 1955 
2708 1104 2451 
540 2708 2451 
540 2394 2451 
2225 1493 2159 
3017 2486 1223 
2472 1747 2206 
1797 2327 2678 
2489 1207 1843 
1718 2116 817 
1688 1797 2256 
1996 3017 1435 
677 1427 2440 
2116 2113 2331 
2256 1688 2394 
386 2705 1617 
2451 386 1104 
1965 2779 2809 
2569 2202 2550 
758 1318 2206 
1965 2779 1079 
1223 1700 2382 
1207 2472 1747 
1435 2779 2809 
408 1318 758 
1493 1718 817 
2225 1493 1535 
2031 2116 2113 
2053 2819 2257 
1079 2053 2819 
1843 1207 2548 
1617 2113 2705 
271 2015 2495 
271 408 2495 
1747 758 2206 
2569 189 2324 
2187 1223 3017 
3017 1435 1631 
1079 2819 2779 
2257 2342 2819 
2894 1207 2548 
2394 2451 3069 
2779 1435 2391 
2113 2031 2705 
817 1493 2143 
2451 386 1693 
1997 2342 2819 
386 1693 2705 
1493 1535 2143 
303 1900 3024 
817 2031 2116 
677 1822 1900 
2636 677 2440 
1701 2342 303 
2636 677 1822 
2202 2324 2569 
2745 1435 2391 
1997 1701 2342 
2451 1693 3069 
2187 1223 2382 
1631 2745 1435 
1747 1207 2894 
2256 3069 2394 
271 408 758 
1822 1900 3024 
221 2031 2705 
2391 2779 2819 
1843 2891 2225 
221 2705 1693 
271 2015 189 
817 2734 2143 
1896 2256 1797 
2187 1631 3017 
2187 1640 2382 
1608 2440 2550 
1896 2327 1797 
337 2256 3069 
271 2701 189 
817 2031 2734 
897 2031 2734 
1535 2891 2225 
1701 3024 303 
1608 2202 2550 
3069 1163 1693 
2701 2324 189 
2505 2327 2382 
2505 1896 2327 
337 1896 2256 
2391 2819 1997 
1640 2187 2774 
337 3069 1163 
790 2505 2382 
221 1163 1693 
897 221 2031 
2774 1631 2187 
2548 2891 1843 
2258 2774 1631 
758 1747 2735 
2636 2090 2440 
1608 2090 2440 
2735 271 758 
790 1640 2382 
2891 1535 2438 
2258 1631 2745 
1701 3024 2681 
897 2734 2970 
2643 2391 1997 
858 2681 1701 
2391 2643 2745 
2143 2438 1535 
2202 2324 769 
2143 2438 3063 
2681 3024 1822 
897 932 221 
1287 2143 2734 
858 1701 1997 
932 221 1163 
1287 3063 2143 
858 2643 1997 
608 2548 2894 
2704 2636 1822 
1287 2970 2734 
2735 2894 1747 
1722 2704 1822 
608 2735 2894 
1722 2681 1822 
2704 2090 2636 
2735 271 2701 
2548 2891 1205 
769 2701 2324 
1608 2205 2202 
2258 2643 2745 
2735 1842 2701 
1163 337 932 
769 2205 2202 
1205 2438 2891 
1896 2505 2675 
1896 337 835 
2090 1608 2205 
1896 2675 835 
1217 2704 2090 
2970 897 932 
2548 608 1205 
2643 858 2329 
2349 1722 2681 
2438 3063 2468 
337 835 932 
1217 2205 2090 
2349 858 2681 
2258 2774 1249 
608 2735 3056 
2329 2258 2643 
1842 2735 3056 
769 1842 2701 
1249 2329 2258 
2349 1722 2515 
1205 2438 2696 
2438 2696 2468 
1842 769 2666 
1287 2970 1089 
1722 2554 2704 
835 2693 932 
1842 3056 2666 
2349 858 2329 
1089 2970 932 
1217 2704 2554 
2774 1249 1640 
1205 1740 608 
2205 2666 769 
1089 2693 932 
1089 1287 2397 
790 2505 2675 
1287 2468 3063 
790 2675 1123 
1249 1709 1640 
1722 2554 838 
1740 3056 608 
2666 1740 3056 
2666 3047 2205 
1287 2397 2468 
2666 3047 1740 
1217 2205 3047 
1722 2515 838 
1740 2696 1205 
1709 1640 790 
1217 2133 2554 
1709 1123 790 
2696 2468 2835 
1740 2696 2133 
1217 2133 3047 
2349 1601 2515 
2253 2397 2468 
2696 2133 2835 
1740 2133 3047 
2253 2468 2835 
1709 1249 2329 
1089 2693 2370 
1709 2329 2349 
2133 2554 2835 
2397 1089 2119 
838 2253 2835 
838 2554 2835 
2253 2397 2119 
2349 1601 1709 
2370 1089 2119 
838 2119 2253 
835 2675 2693 
2675 2693 2370 
1123 2928 1709 
838 2119 1601 
838 1601 2515 
2119 2370 2928 
1123 2675 2370 
1123 2928 2370 
2119 1601 2928 
1601 2928 1709 
