66
24 9 26 
19 10 16 
19 10 0 
18 10 16 
17 26 24 
17 4 12 
11 27 24 
10 23 18 
23 6 18 
11 17 24 
2 6 22 
2 18 6 
28 17 12 
2 18 1 
2 22 9 
14 22 9 
9 2 1 
30 5 16 
14 26 9 
14 26 29 
30 19 16 
4 17 29 
26 29 17 
16 5 30 
16 18 1 
11 27 5 
4 15 29 
4 29 7 
4 29 7 
19 30 13 
12 4 20 
23 13 10 
8 16 30 
16 8 1 
4 20 15 
24 27 5 
1 6 23 
0 19 13 
1 13 23 
0 10 13 
28 17 11 
22 1 6 
24 21 5 
24 9 3 
15 7 29 
24 21 3 
22 25 14 
13 30 8 
5 21 11 
22 1 25 
21 5 30 
29 25 14 
28 3 11 
9 3 25 
25 29 3 
5 21 30 
7 29 3 
20 28 12 
1 13 8 
7 15 20 
9 25 1 
11 3 21 
20 7 28 
3 7 28 
21 8 30 
21 8 30 
