282
17 107 121 
107 121 35 
17 133 113 
17 107 20 
133 17 86 
17 121 110 
122 35 107 
113 17 110 
86 17 20 
130 110 113 
86 133 118 
113 49 133 
133 90 49 
108 107 122 
35 34 121 
35 106 122 
108 58 107 
20 58 107 
83 106 122 
128 122 83 
110 121 34 
122 128 108 
49 113 130 
118 90 133 
106 34 35 
123 90 49 
20 86 81 
118 90 99 
81 118 86 
34 136 110 
46 110 130 
108 60 128 
46 110 136 
34 106 70 
106 83 125 
128 83 78 
88 90 123 
49 33 123 
81 105 118 
88 90 99 
58 60 108 
45 128 60 
99 105 118 
78 83 125 
81 20 58 
128 45 78 
112 81 58 
81 105 79 
14 123 33 
123 14 88 
125 50 106 
130 33 49 
130 33 46 
70 50 106 
70 136 34 
33 46 127 
112 81 116 
125 78 28 
136 46 15 
99 88 137 
70 136 109 
116 79 81 
58 60 112 
30 60 112 
51 88 14 
15 136 109 
127 46 15 
21 137 88 
28 50 125 
114 78 45 
109 15 116 
102 78 28 
109 116 112 
60 94 45 
114 78 102 
15 79 116 
60 94 30 
137 105 99 
53 33 127 
79 105 23 
109 70 73 
50 70 73 
15 23 79 
33 53 14 
15 23 127 
14 26 51 
137 12 105 
50 28 140 
23 12 105 
88 21 51 
45 94 114 
26 53 14 
73 112 109 
73 112 30 
124 127 53 
127 23 124 
140 73 50 
28 39 102 
131 30 94 
138 26 51 
92 21 51 
137 21 66 
66 12 137 
39 140 28 
51 92 138 
95 94 114 
102 43 114 
102 9 43 
9 39 102 
30 73 131 
73 8 131 
23 12 124 
21 98 92 
53 55 124 
101 124 12 
114 43 95 
140 39 82 
53 26 55 
98 21 66 
94 95 131 
73 82 140 
84 95 131 
26 55 103 
26 103 138 
82 73 8 
76 82 39 
101 124 55 
39 9 76 
92 138 47 
47 92 98 
138 129 103 
131 8 84 
12 66 101 
129 138 47 
97 8 82 
115 43 95 
9 13 43 
52 66 101 
134 55 103 
66 52 98 
43 13 115 
56 98 47 
82 22 76 
13 76 9 
55 101 134 
95 63 84 
22 82 97 
63 95 115 
100 47 129 
8 97 5 
5 84 8 
101 52 87 
87 134 101 
7 129 103 
56 98 52 
76 13 61 
103 134 7 
61 76 22 
117 56 52 
47 56 100 
129 7 100 
80 7 134 
84 16 5 
84 16 63 
91 61 13 
97 120 22 
13 91 115 
126 52 117 
87 134 80 
61 22 120 
115 71 63 
77 5 97 
77 97 120 
100 7 96 
71 115 91 
25 52 87 
25 52 126 
56 54 100 
56 54 117 
10 80 87 
25 42 87 
16 72 5 
54 96 100 
42 87 10 
5 77 72 
77 24 72 
63 16 71 
74 91 61 
7 67 80 
32 61 120 
7 89 96 
71 91 74 
67 7 89 
117 54 126 
32 61 74 
16 71 36 
10 67 80 
27 24 77 
10 67 104 
120 32 77 
72 24 44 
89 54 96 
41 126 54 
77 27 32 
6 16 72 
41 126 25 
3 104 10 
10 29 42 
44 139 24 
6 36 16 
10 29 3 
36 71 74 
119 29 3 
68 24 27 
44 6 72 
24 68 139 
111 42 25 
3 139 119 
42 29 111 
1 27 32 
104 3 37 
139 37 3 
139 37 68 
85 25 41 
67 104 19 
25 111 85 
54 41 89 
67 19 132 
69 74 36 
89 132 67 
89 132 31 
119 44 139 
31 41 89 
119 62 44 
74 32 69 
48 62 44 
6 48 44 
32 69 1 
36 69 6 
27 68 75 
27 75 1 
29 62 119 
37 64 104 
19 64 104 
111 18 29 
65 1 69 
4 41 85 
4 41 31 
59 68 37 
29 62 18 
48 38 6 
69 6 38 
37 64 59 
93 68 75 
69 38 65 
59 68 93 
85 111 4 
31 4 132 
18 111 4 
1 75 65 
40 4 132 
19 40 132 
11 18 62 
64 40 19 
62 48 57 
4 18 40 
62 11 57 
65 38 75 
135 75 38 
38 57 48 
38 57 135 
75 135 93 
93 0 59 
2 59 64 
11 18 2 
2 18 40 
40 2 64 
2 59 0 
0 93 135 
135 57 0 
57 11 0 
0 2 11 
